0.000000000000000000e+00,3.500000000000000000e+00
2.083333333333333218e-02,3.500000000000000000e+00
4.166666666666666435e-02,3.500000000000000000e+00
6.250000000000000000e-02,3.500000000000000000e+00
8.333333333333332871e-02,3.500000000000000000e+00
1.041666666666666574e-01,3.500000000000000000e+00
1.250000000000000000e-01,3.500000000000000000e+00
1.458333333333333148e-01,3.500000000000000000e+00
1.666666666666666574e-01,3.500000000000000000e+00
1.875000000000000000e-01,3.500000000000000000e+00
2.083333333333333148e-01,3.500000000000000000e+00
2.291666666666666574e-01,3.500000000000000000e+00
2.500000000000000000e-01,3.500000000000000000e+00
2.708333333333333148e-01,3.500000000000000000e+00
2.916666666666666297e-01,3.500000000000000000e+00
3.125000000000000000e-01,3.500000000000000000e+00
3.333333333333333148e-01,3.500000000000000000e+00
3.541666666666666297e-01,3.500000000000000000e+00
3.750000000000000000e-01,3.500000000000000000e+00
3.958333333333333148e-01,3.500000000000000000e+00
4.166666666666666297e-01,3.500000000000000000e+00
4.375000000000000000e-01,3.500000000000000000e+00
4.583333333333333148e-01,3.500000000000000000e+00
4.791666666666666297e-01,3.500000000000000000e+00
5.000000000000000000e-01,3.500000000000000000e+00
5.208333333333332593e-01,3.500000000000000000e+00
5.416666666666666297e-01,3.500000000000000000e+00
5.625000000000000000e-01,3.500000000000000000e+00
5.833333333333332593e-01,3.500000000000000000e+00
6.041666666666666297e-01,3.500000000000000000e+00
6.250000000000000000e-01,3.500000000000000000e+00
6.458333333333332593e-01,3.500000000000000000e+00
6.666666666666666297e-01,3.500000000000000000e+00
6.875000000000000000e-01,3.500000000000000000e+00
7.083333333333332593e-01,3.500000000000000000e+00
7.291666666666666297e-01,3.500000000000000000e+00
7.500000000000000000e-01,3.500000000000000000e+00
7.708333333333332593e-01,3.500000000000000000e+00
7.916666666666666297e-01,3.500000000000000000e+00
8.125000000000000000e-01,3.500000000000000000e+00
8.333333333333332593e-01,3.500000000000000000e+00
8.541666666666666297e-01,3.500000000000000000e+00
8.750000000000000000e-01,3.500000000000000000e+00
8.958333333333332593e-01,3.500000000000000000e+00
9.166666666666666297e-01,3.500000000000000000e+00
9.375000000000000000e-01,3.500000000000000000e+00
9.583333333333332593e-01,3.500000000000000000e+00
9.791666666666666297e-01,3.500000000000000000e+00
1.000000000000000000e+00,3.500000000000000000e+00
1.020833333333333259e+00,3.500000000000000000e+00
1.041666666666666519e+00,3.500000000000000000e+00
1.062500000000000000e+00,3.500000000000000000e+00
1.083333333333333259e+00,3.500000000000000000e+00
1.104166666666666519e+00,3.500000000000000000e+00
1.125000000000000000e+00,3.500000000000000000e+00
1.145833333333333259e+00,3.500000000000000000e+00
1.166666666666666519e+00,3.500000000000000000e+00
1.187500000000000000e+00,3.500000000000000000e+00
1.208333333333333259e+00,3.500000000000000000e+00
1.229166666666666519e+00,3.500000000000000000e+00
1.250000000000000000e+00,3.500000000000000000e+00
1.270833333333333259e+00,3.500000000000000000e+00
1.291666666666666519e+00,3.500000000000000000e+00
1.312500000000000000e+00,3.500000000000000000e+00
1.333333333333333259e+00,3.500000000000000000e+00
1.354166666666666519e+00,3.500000000000000000e+00
1.375000000000000000e+00,3.500000000000000000e+00
1.395833333333333259e+00,3.500000000000000000e+00
1.416666666666666519e+00,3.500000000000000000e+00
1.437500000000000000e+00,3.500000000000000000e+00
1.458333333333333259e+00,3.500000000000000000e+00
1.479166666666666519e+00,3.500000000000000000e+00
1.500000000000000000e+00,3.500000000000000000e+00
1.520833333333333259e+00,3.500000000000000000e+00
1.541666666666666519e+00,3.500000000000000000e+00
1.562500000000000000e+00,3.500000000000000000e+00
1.583333333333333259e+00,3.500000000000000000e+00
1.604166666666666519e+00,3.500000000000000000e+00
1.625000000000000000e+00,3.500000000000000000e+00
1.645833333333333259e+00,3.500000000000000000e+00
1.666666666666666519e+00,3.500000000000000000e+00
1.687500000000000000e+00,3.500000000000000000e+00
1.708333333333333259e+00,3.500000000000000000e+00
1.729166666666666519e+00,3.500000000000000000e+00
1.750000000000000000e+00,3.500000000000000000e+00
1.770833333333333259e+00,3.500000000000000000e+00
1.791666666666666519e+00,3.500000000000000000e+00
1.812500000000000000e+00,3.500000000000000000e+00
1.833333333333333259e+00,3.500000000000000000e+00
1.854166666666666519e+00,3.500000000000000000e+00
1.875000000000000000e+00,3.500000000000000000e+00
1.895833333333333259e+00,3.500000000000000000e+00
1.916666666666666519e+00,3.500000000000000000e+00
1.937500000000000000e+00,3.500000000000000000e+00
1.958333333333333259e+00,3.500000000000000000e+00
1.979166666666666519e+00,3.500000000000000000e+00
2.000000000000000000e+00,3.500000000000000000e+00
2.020833333333333037e+00,3.500000000000000000e+00
2.041666666666666519e+00,3.500000000000000000e+00
2.062500000000000000e+00,3.500000000000000000e+00
2.083333333333333037e+00,3.500000000000000000e+00
2.104166666666666519e+00,3.500000000000000000e+00
2.125000000000000000e+00,3.500000000000000000e+00
2.145833333333333037e+00,3.500000000000000000e+00
2.166666666666666519e+00,3.500000000000000000e+00
2.187500000000000000e+00,3.500000000000000000e+00
2.208333333333333037e+00,3.500000000000000000e+00
2.229166666666666519e+00,3.500000000000000000e+00
2.250000000000000000e+00,3.500000000000000000e+00
2.270833333333333037e+00,3.500000000000000000e+00
2.291666666666666519e+00,3.500000000000000000e+00
2.312500000000000000e+00,3.500000000000000000e+00
2.333333333333333037e+00,3.500000000000000000e+00
2.354166666666666519e+00,3.500000000000000000e+00
2.375000000000000000e+00,3.500000000000000000e+00
2.395833333333333037e+00,3.500000000000000000e+00
2.416666666666666519e+00,3.500000000000000000e+00
2.437500000000000000e+00,3.500000000000000000e+00
2.458333333333333037e+00,3.500000000000000000e+00
2.479166666666666519e+00,3.500000000000000000e+00
2.500000000000000000e+00,3.500000000000000000e+00
2.520833333333333037e+00,3.500000000000000000e+00
2.541666666666666519e+00,3.500000000000000000e+00
2.562500000000000000e+00,3.500000000000000000e+00
2.583333333333333037e+00,3.500000000000000000e+00
2.604166666666666519e+00,3.500000000000000000e+00
2.625000000000000000e+00,3.500000000000000000e+00
2.645833333333333037e+00,3.500000000000000000e+00
2.666666666666666519e+00,3.500000000000000000e+00
2.687500000000000000e+00,3.500000000000000000e+00
2.708333333333333037e+00,3.500000000000000000e+00
2.729166666666666519e+00,3.500000000000000000e+00
2.750000000000000000e+00,3.500000000000000000e+00
2.770833333333333037e+00,3.500000000000000000e+00
2.791666666666666519e+00,3.500000000000000000e+00
2.812500000000000000e+00,3.500000000000000000e+00
2.833333333333333037e+00,3.500000000000000000e+00
2.854166666666666519e+00,3.500000000000000000e+00
2.875000000000000000e+00,3.500000000000000000e+00
2.895833333333333037e+00,3.500000000000000000e+00
2.916666666666666519e+00,3.500000000000000000e+00
2.937500000000000000e+00,3.500000000000000000e+00
2.958333333333333037e+00,3.500000000000000000e+00
2.979166666666666519e+00,3.500000000000000000e+00
3.000000000000000000e+00,3.500000000000000000e+00
3.020833333333333037e+00,3.500000000000000000e+00
3.041666666666666519e+00,3.500000000000000000e+00
3.062500000000000000e+00,3.500000000000000000e+00
3.083333333333333037e+00,3.500000000000000000e+00
3.104166666666666519e+00,3.500000000000000000e+00
3.125000000000000000e+00,3.500000000000000000e+00
3.145833333333333037e+00,3.500000000000000000e+00
3.166666666666666519e+00,3.500000000000000000e+00
3.187500000000000000e+00,3.500000000000000000e+00
3.208333333333333037e+00,3.500000000000000000e+00
3.229166666666666519e+00,3.500000000000000000e+00
3.250000000000000000e+00,3.500000000000000000e+00
3.270833333333333037e+00,3.500000000000000000e+00
3.291666666666666519e+00,3.500000000000000000e+00
3.312500000000000000e+00,3.500000000000000000e+00
3.333333333333333037e+00,3.500000000000000000e+00
3.354166666666666519e+00,3.500000000000000000e+00
3.375000000000000000e+00,3.500000000000000000e+00
3.395833333333333037e+00,3.500000000000000000e+00
3.416666666666666519e+00,3.500000000000000000e+00
3.437500000000000000e+00,3.500000000000000000e+00
3.458333333333333037e+00,3.500000000000000000e+00
3.479166666666666519e+00,3.500000000000000000e+00
3.500000000000000000e+00,3.500000000000000000e+00
3.520833333333333037e+00,3.500000000000000000e+00
3.541666666666666519e+00,3.500000000000000000e+00
3.562500000000000000e+00,3.500000000000000000e+00
3.583333333333333037e+00,3.500000000000000000e+00
3.604166666666666519e+00,3.500000000000000000e+00
3.625000000000000000e+00,3.500000000000000000e+00
3.645833333333333037e+00,3.500000000000000000e+00
3.666666666666666519e+00,3.500000000000000000e+00
3.687500000000000000e+00,3.500000000000000000e+00
3.708333333333333037e+00,3.500000000000000000e+00
3.729166666666666519e+00,3.500000000000000000e+00
3.750000000000000000e+00,3.500000000000000000e+00
3.770833333333333037e+00,3.500000000000000000e+00
3.791666666666666519e+00,3.500000000000000000e+00
3.812500000000000000e+00,3.500000000000000000e+00
3.833333333333333037e+00,3.500000000000000000e+00
3.854166666666666519e+00,3.500000000000000000e+00
3.875000000000000000e+00,3.500000000000000000e+00
3.895833333333333037e+00,3.500000000000000000e+00
3.916666666666666519e+00,3.500000000000000000e+00
3.937500000000000000e+00,3.500000000000000000e+00
3.958333333333333037e+00,3.500000000000000000e+00
3.979166666666666519e+00,3.500000000000000000e+00
4.000000000000000000e+00,3.500000000000000000e+00
4.020833333333333037e+00,3.500000000000000000e+00
4.041666666666666075e+00,3.500000000000000000e+00
4.062500000000000000e+00,3.500000000000000000e+00
4.083333333333333037e+00,3.500000000000000000e+00
4.104166666666666075e+00,3.500000000000000000e+00
4.125000000000000000e+00,3.500000000000000000e+00
4.145833333333333037e+00,3.500000000000000000e+00
4.166666666666666075e+00,3.500000000000000000e+00
4.187500000000000000e+00,3.500000000000000000e+00
4.208333333333333037e+00,3.500000000000000000e+00
4.229166666666666075e+00,3.500000000000000000e+00
4.250000000000000000e+00,3.500000000000000000e+00
4.270833333333333037e+00,3.500000000000000000e+00
4.291666666666666075e+00,3.500000000000000000e+00
4.312500000000000000e+00,3.500000000000000000e+00
4.333333333333333037e+00,3.500000000000000000e+00
4.354166666666666075e+00,3.500000000000000000e+00
4.375000000000000000e+00,3.500000000000000000e+00
4.395833333333333037e+00,3.500000000000000000e+00
4.416666666666666075e+00,3.500000000000000000e+00
4.437500000000000000e+00,3.500000000000000000e+00
4.458333333333333037e+00,3.500000000000000000e+00
4.479166666666666075e+00,3.500000000000000000e+00
4.500000000000000000e+00,3.500000000000000000e+00
4.520833333333333037e+00,3.500000000000000000e+00
4.541666666666666075e+00,3.500000000000000000e+00
4.562500000000000000e+00,3.500000000000000000e+00
4.583333333333333037e+00,3.500000000000000000e+00
4.604166666666666075e+00,3.500000000000000000e+00
4.625000000000000000e+00,3.500000000000000000e+00
4.645833333333333037e+00,3.500000000000000000e+00
4.666666666666666075e+00,3.500000000000000000e+00
4.687500000000000000e+00,3.500000000000000000e+00
4.708333333333333037e+00,3.500000000000000000e+00
4.729166666666666075e+00,3.500000000000000000e+00
4.750000000000000000e+00,3.500000000000000000e+00
4.770833333333333037e+00,3.500000000000000000e+00
4.791666666666666075e+00,3.500000000000000000e+00
4.812500000000000000e+00,3.500000000000000000e+00
4.833333333333333037e+00,3.500000000000000000e+00
4.854166666666666075e+00,3.500000000000000000e+00
4.875000000000000000e+00,3.500000000000000000e+00
4.895833333333333037e+00,3.500000000000000000e+00
4.916666666666666075e+00,3.500000000000000000e+00
4.937500000000000000e+00,3.500000000000000000e+00
4.958333333333333037e+00,3.500000000000000000e+00
4.979166666666666075e+00,3.500000000000000000e+00
5.000000000000000000e+00,3.500000000000000000e+00
5.020833333333333037e+00,3.500000000000000000e+00
5.041666666666666075e+00,3.500000000000000000e+00
5.062500000000000000e+00,3.500000000000000000e+00
5.083333333333333037e+00,3.500000000000000000e+00
5.104166666666666075e+00,3.500000000000000000e+00
5.125000000000000000e+00,3.500000000000000000e+00
5.145833333333333037e+00,3.500000000000000000e+00
5.166666666666666075e+00,3.500000000000000000e+00
5.187500000000000000e+00,3.500000000000000000e+00
5.208333333333333037e+00,3.500000000000000000e+00
5.229166666666666075e+00,3.500000000000000000e+00
5.250000000000000000e+00,3.500000000000000000e+00
5.270833333333333037e+00,3.500000000000000000e+00
5.291666666666666075e+00,3.500000000000000000e+00
5.312500000000000000e+00,3.500000000000000000e+00
5.333333333333333037e+00,3.500000000000000000e+00
5.354166666666666075e+00,3.500000000000000000e+00
5.375000000000000000e+00,3.500000000000000000e+00
5.395833333333333037e+00,3.500000000000000000e+00
5.416666666666666075e+00,3.500000000000000000e+00
5.437500000000000000e+00,3.500000000000000000e+00
5.458333333333333037e+00,3.500000000000000000e+00
5.479166666666666075e+00,3.500000000000000000e+00
5.500000000000000000e+00,3.500000000000000000e+00
5.520833333333333037e+00,3.500000000000000000e+00
5.541666666666666075e+00,3.500000000000000000e+00
5.562500000000000000e+00,3.500000000000000000e+00
5.583333333333333037e+00,3.500000000000000000e+00
5.604166666666666075e+00,3.500000000000000000e+00
5.625000000000000000e+00,3.500000000000000000e+00
5.645833333333333037e+00,3.500000000000000000e+00
5.666666666666666075e+00,3.500000000000000000e+00
5.687500000000000000e+00,3.500000000000000000e+00
5.708333333333333037e+00,3.500000000000000000e+00
5.729166666666666075e+00,3.500000000000000000e+00
5.750000000000000000e+00,3.500000000000000000e+00
5.770833333333333037e+00,3.500000000000000000e+00
5.791666666666666075e+00,3.500000000000000000e+00
5.812500000000000000e+00,3.500000000000000000e+00
5.833333333333333037e+00,3.499998645446432022e+00
5.854166666666666075e+00,3.499970215709442556e+00
5.875000000000000000e+00,3.499838113176106713e+00
5.895833333333333037e+00,3.499518003431004498e+00
5.916666666666666075e+00,3.498973371700743851e+00
5.937500000000000000e+00,3.498176442677261910e+00
5.958333333333333037e+00,3.497077557140664261e+00
5.979166666666666075e+00,3.495649688586857540e+00
6.000000000000000000e+00,3.493883033093502899e+00
6.020833333333333037e+00,3.491782818041765601e+00
6.041666666666666075e+00,3.489405642676729258e+00
6.062500000000000000e+00,3.486817546668058654e+00
6.083333333333333037e+00,3.484037842554866149e+00
6.104166666666666075e+00,3.481077841725504385e+00
6.125000000000000000e+00,3.477970655147970991e+00
6.145833333333333037e+00,3.474724571180066501e+00
6.166666666666666075e+00,3.471344542045276427e+00
6.187500000000000000e+00,3.467887001415809411e+00
6.208333333333333037e+00,3.464426971621278550e+00
6.229166666666666075e+00,3.461002770267450845e+00
6.250000000000000000e+00,3.457644648418219724e+00
6.270833333333333037e+00,3.454418955660665258e+00
6.291666666666666075e+00,3.451385220878976590e+00
6.312500000000000000e+00,3.448552343847561374e+00
6.333333333333333037e+00,3.445918214505639732e+00
6.354166666666666075e+00,3.443480453042030209e+00
6.375000000000000000e+00,3.441214550737077271e+00
6.395833333333333037e+00,3.439120474018869889e+00
6.416666666666666075e+00,3.437201951858001703e+00
6.437500000000000000e+00,3.435430011421473306e+00
6.458333333333333037e+00,3.433787183481080696e+00
6.479166666666666075e+00,3.432300672446816581e+00
6.500000000000000000e+00,3.430997890015970775e+00
6.520833333333333037e+00,3.429850618322338285e+00
6.541666666666666075e+00,3.428773273683692224e+00
6.562500000000000000e+00,3.427672018555352640e+00
6.583333333333333037e+00,3.426503632369833241e+00
6.604166666666666075e+00,3.425250505303587989e+00
6.625000000000000000e+00,3.423867460930280160e+00
6.645833333333333037e+00,3.422304617508636682e+00
6.666666666666666075e+00,3.420561649310910113e+00
6.687500000000000000e+00,3.418648949388974678e+00
6.708333333333333037e+00,3.416531828363326806e+00
6.729166666666666075e+00,3.414171282601204727e+00
6.750000000000000000e+00,3.411580510735197524e+00
6.770833333333333037e+00,3.408783790600192543e+00
6.791666666666666075e+00,3.405760612240237961e+00
6.812500000000000000e+00,3.402486423674459637e+00
6.833333333333333037e+00,3.398991575857240655e+00
6.854166666666666075e+00,3.395363623240053030e+00
6.875000000000000000e+00,3.391698481119226116e+00
6.895833333333333037e+00,3.388041025739249701e+00
6.916666666666666075e+00,3.384384254624868582e+00
6.937500000000000000e+00,3.380717218176252814e+00
6.958333333333333037e+00,3.377078947676000364e+00
6.979166666666666075e+00,3.373516897472024212e+00
7.000000000000000000e+00,3.370030204540167773e+00
7.020833333333333037e+00,3.366609633627538845e+00
7.041666666666666075e+00,3.363291349613772852e+00
7.062500000000000000e+00,3.360114787795504210e+00
7.083333333333333037e+00,3.357069876624692473e+00
7.104166666666666075e+00,3.354137950764355836e+00
7.125000000000000000e+00,3.351348833092927304e+00
7.145833333333333037e+00,3.348739806581304546e+00
7.166666666666666075e+00,3.346296521327404072e+00
7.187500000000000000e+00,3.343946439907360180e+00
7.208333333333333037e+00,3.341604870265751703e+00
7.229166666666666075e+00,3.339233599830210064e+00
7.250000000000000000e+00,3.336816528992084141e+00
7.270833333333333037e+00,3.334308142914647721e+00
7.291666666666666075e+00,3.331656699465127769e+00
7.312500000000000000e+00,3.328858371620667445e+00
7.333333333333333037e+00,3.325917622216949532e+00
7.354166666666666075e+00,3.322799832456462710e+00
7.375000000000000000e+00,3.319473473372099193e+00
7.395833333333333037e+00,3.315956643005618432e+00
7.416666666666666075e+00,3.312274999899403216e+00
7.437500000000000000e+00,3.308405950367486970e+00
7.458333333333333037e+00,3.304319045135603261e+00
7.479166666666666075e+00,3.300032753028676158e+00
7.500000000000000000e+00,3.295576115086576330e+00
7.520833333333333037e+00,3.290978478207631674e+00
7.541666666666666075e+00,3.286299250701600450e+00
7.562500000000000000e+00,3.281581165997087712e+00
7.583333333333333037e+00,3.276827232282192526e+00
7.604166666666666075e+00,3.272046422689962597e+00
7.625000000000000000e+00,3.267288347159662987e+00
7.645833333333333037e+00,3.262596835252177030e+00
7.666666666666666075e+00,3.257967243757834641e+00
7.687500000000000000e+00,3.253389021137850001e+00
7.708333333333333037e+00,3.248903758354060756e+00
7.729166666666666075e+00,3.244564170352411736e+00
7.750000000000000000e+00,3.240376476343562295e+00
7.770833333333333037e+00,3.236318825402513255e+00
7.791666666666666075e+00,3.232391720270904933e+00
7.812500000000000000e+00,3.228603689016452005e+00
7.833333333333333037e+00,3.224923920040149383e+00
7.854166666666666075e+00,3.221278266555455350e+00
7.875000000000000000e+00,3.217584693130371321e+00
7.895833333333333037e+00,3.213810544647521361e+00
7.916666666666666075e+00,3.209944876395967484e+00
7.937500000000000000e+00,3.205945886756504049e+00
7.958333333333333037e+00,3.201764635836925166e+00
7.979166666666666075e+00,3.197399150537056478e+00
8.000000000000000000e+00,3.192854889090747328e+00
8.020833333333332149e+00,3.188124726121842833e+00
8.041666666666666075e+00,3.183230712893042824e+00
8.062500000000000000e+00,3.178192214257661519e+00
8.083333333333332149e+00,3.172981524414004273e+00
8.104166666666666075e+00,3.167566129301218947e+00
8.125000000000000000e+00,3.161962885387891831e+00
8.145833333333332149e+00,3.156196204500021363e+00
8.166666666666666075e+00,3.150241738911869316e+00
8.187500000000000000e+00,3.144066702560139870e+00
8.208333333333332149e+00,3.137689890494861356e+00
8.229166666666666075e+00,3.131182531198843488e+00
8.250000000000000000e+00,3.124619215999376198e+00
8.270833333333332149e+00,3.118021740932441777e+00
8.291666666666666075e+00,3.111400304370007586e+00
8.312500000000000000e+00,3.104803591305406840e+00
8.333333333333332149e+00,3.098275246450613807e+00
8.354166666666666075e+00,3.091807011250298665e+00
8.375000000000000000e+00,3.085381792010671198e+00
8.395833333333332149e+00,3.079030691084233773e+00
8.416666666666666075e+00,3.072793457654681148e+00
8.437500000000000000e+00,3.066662390116038583e+00
8.458333333333332149e+00,3.060624132091758653e+00
8.479166666666666075e+00,3.054715483802176834e+00
8.500000000000000000e+00,3.048983853863100890e+00
8.520833333333332149e+00,3.043425736574841167e+00
8.541666666666666075e+00,3.037981959075384708e+00
8.562500000000000000e+00,3.032586122021761810e+00
8.583333333333332149e+00,3.027221091141163889e+00
8.604166666666666075e+00,3.021878629793266047e+00
8.625000000000000000e+00,3.016512667836649175e+00
8.645833333333332149e+00,3.011083822783387820e+00
8.666666666666666075e+00,3.005603085956757958e+00
8.687500000000000000e+00,3.000089604881652328e+00
8.708333333333332149e+00,2.994512278648369552e+00
8.729166666666666075e+00,2.988809265032924767e+00
8.750000000000000000e+00,2.982940106284013737e+00
8.770833333333332149e+00,2.976897321271783525e+00
8.791666666666666075e+00,2.970658945695077602e+00
8.812500000000000000e+00,2.964186929939702342e+00
8.833333333333332149e+00,2.957478008999474106e+00
8.854166666666666075e+00,2.950560100216074844e+00
8.875000000000000000e+00,2.943441948892889126e+00
8.895833333333332149e+00,2.936109115621998722e+00
8.916666666666666075e+00,2.928572588347183814e+00
8.937500000000000000e+00,2.920849477753798773e+00
8.958333333333332149e+00,2.912912494475584424e+00
8.979166666666666075e+00,2.904732482804810001e+00
9.000000000000000000e+00,2.896332442562162157e+00
9.020833333333332149e+00,2.887791133812585453e+00
9.041666666666666075e+00,2.879195168337677302e+00
9.062500000000000000e+00,2.870581183123689151e+00
9.083333333333332149e+00,2.861958858518015347e+00
9.104166666666666075e+00,2.853363834428365386e+00
9.125000000000000000e+00,2.844837350157273459e+00
9.145833333333332149e+00,2.836372476520117925e+00
9.166666666666666075e+00,2.827952860287366921e+00
9.187500000000000000e+00,2.819597228422999979e+00
9.208333333333332149e+00,2.811316059073055929e+00
9.229166666666666075e+00,2.803074787920290856e+00
9.250000000000000000e+00,2.794836973426580329e+00
9.270833333333332149e+00,2.786615973156966408e+00
9.291666666666666075e+00,2.778433317748953968e+00
9.312500000000000000e+00,2.770262086248385103e+00
9.333333333333332149e+00,2.762065193412717612e+00
9.354166666666666075e+00,2.753829520084447591e+00
9.375000000000000000e+00,2.745522080648877594e+00
9.395833333333332149e+00,2.737108238182015540e+00
9.416666666666666075e+00,2.728601100323984063e+00
9.437500000000000000e+00,2.720018091483131339e+00
9.458333333333332149e+00,2.711329509451478437e+00
9.479166666666666075e+00,2.702500434008463959e+00
9.500000000000000000e+00,2.693548172571937904e+00
9.520833333333332149e+00,2.684500889276421276e+00
9.541666666666666075e+00,2.675341450641703922e+00
9.562500000000000000e+00,2.666048156024551030e+00
9.583333333333332149e+00,2.656641246501817211e+00
9.604166666666666075e+00,2.647138406087750528e+00
9.625000000000000000e+00,2.637510586137315372e+00
9.645833333333332149e+00,2.627724745081735591e+00
9.666666666666666075e+00,2.617800594623504562e+00
9.687500000000000000e+00,2.607768666477424446e+00
9.708333333333332149e+00,2.597611400084364863e+00
9.729166666666666075e+00,2.587302984162053399e+00
9.750000000000000000e+00,2.576866158575145782e+00
9.770833333333332149e+00,2.566331302200659525e+00
9.791666666666666075e+00,2.555681127187753532e+00
9.812500000000000000e+00,2.544891264622868743e+00
9.833333333333332149e+00,2.533986549945687283e+00
9.854166666666666075e+00,2.522999362801300549e+00
9.875000000000000000e+00,2.511913040812891573e+00
9.895833333333332149e+00,2.500701668915203513e+00
9.916666666666666075e+00,2.489387425805695386e+00
9.937500000000000000e+00,2.478000055852723094e+00
9.958333333333332149e+00,2.466520431433115945e+00
9.979166666666666075e+00,2.454921103978251473e+00
1.000000000000000000e+01,2.443223482776533118e+00
1.002083333333333215e+01,2.431454216147926672e+00
1.004166666666666607e+01,2.419587228560454051e+00
1.006250000000000000e+01,2.407584873320754326e+00
1.008333333333333215e+01,2.395455331085126982e+00
1.010416666666666607e+01,2.383212377094368506e+00
1.012500000000000000e+01,2.370828665853210282e+00
1.014583333333333215e+01,2.358280400205774896e+00
1.016666666666666607e+01,2.345591277508570549e+00
1.018750000000000000e+01,2.332789818367528412e+00
1.020833333333333215e+01,2.319852221719998830e+00
1.022916666666666607e+01,2.306744187861146766e+00
1.025000000000000000e+01,2.293477315633290381e+00
1.027083333333333215e+01,2.280068663589113420e+00
1.029166666666666607e+01,2.266500346933858268e+00
1.031250000000000000e+01,2.252766169280065789e+00
1.033333333333333215e+01,2.238908372072986541e+00
1.035416666666666607e+01,2.224976545588273069e+00
1.037500000000000000e+01,2.210972429261496952e+00
1.039583333333333215e+01,2.196890167021217088e+00
1.041666666666666607e+01,2.182772557291675852e+00
1.043750000000000000e+01,2.168669750842670219e+00
1.045833333333333215e+01,2.154582903264442351e+00
1.047916666666666607e+01,2.140498331847131563e+00
1.050000000000000000e+01,2.126441625433644234e+00
1.052083333333333215e+01,2.112443403113424267e+00
1.054166666666666607e+01,2.098484176765285980e+00
1.056250000000000000e+01,2.084514811889536468e+00
1.058333333333333215e+01,2.070508581610466692e+00
1.060416666666666607e+01,2.056463030582002638e+00
1.062500000000000000e+01,2.042352276238382558e+00
1.064583333333333215e+01,2.028143522183771807e+00
1.066666666666666607e+01,2.013850405129171239e+00
1.068750000000000000e+01,1.999493846194506208e+00
1.070833333333333215e+01,1.985046173152755777e+00
1.072916666666666607e+01,1.970470697557214601e+00
1.075000000000000000e+01,1.955779012111180215e+00
1.077083333333333215e+01,1.940989276611673642e+00
1.079166666666666607e+01,1.926069544505690789e+00
1.081250000000000000e+01,1.910979678806147053e+00
1.083333333333333215e+01,1.895731281533772572e+00
1.085416666666666607e+01,1.880387921713645438e+00
1.087500000000000000e+01,1.865016274253643580e+00
1.089583333333333215e+01,1.849630604012047375e+00
1.091666666666666607e+01,1.834233760986234030e+00
1.093750000000000000e+01,1.818866946589131395e+00
1.095833333333333215e+01,1.803566692050188491e+00
1.097916666666666607e+01,1.788317141785795039e+00
1.100000000000000000e+01,1.773091975011501065e+00
1.102083333333333215e+01,1.757910165477170050e+00
1.104166666666666607e+01,1.742795716700886510e+00
1.106250000000000000e+01,1.727734013779130384e+00
1.108333333333333215e+01,1.712715459110926819e+00
1.110416666666666607e+01,1.697777405499661496e+00
1.112500000000000000e+01,1.682960889088036538e+00
1.114583333333333215e+01,1.668254723157129638e+00
1.116666666666666607e+01,1.653635767703364401e+00
1.118750000000000000e+01,1.639115735715625632e+00
1.120833333333333215e+01,1.624697965772983421e+00
1.122916666666666607e+01,1.610338457123905886e+00
1.125000000000000000e+01,1.595990081448955822e+00
1.127083333333333215e+01,1.581654805682753739e+00
1.129166666666666607e+01,1.567342839690425205e+00
1.131250000000000000e+01,1.553023510391453588e+00
1.133333333333333215e+01,1.538669016352050001e+00
1.135416666666666607e+01,1.524299789772459279e+00
1.137500000000000000e+01,1.509942180815694535e+00
1.139583333333333215e+01,1.495572992937767687e+00
1.141666666666666607e+01,1.481161262523755351e+00
1.143750000000000000e+01,1.466724593286349965e+00
1.145833333333333215e+01,1.452288520345769385e+00
1.147916666666666607e+01,1.437829214520724541e+00
1.150000000000000000e+01,1.423314971684739749e+00
1.152083333333333215e+01,1.408761765364773488e+00
1.154166666666666607e+01,1.394192637385015754e+00
1.156250000000000000e+01,1.379585522350569970e+00
1.158333333333333215e+01,1.364915994323046000e+00
1.160416666666666607e+01,1.350208692041234837e+00
1.162500000000000000e+01,1.335496339289486745e+00
1.164583333333333215e+01,1.320763007642264064e+00
1.166666666666666607e+01,1.305985284084747455e+00
1.168750000000000000e+01,1.291188566668437065e+00
1.170833333333333215e+01,1.276449085272317152e+00
1.172916666666666607e+01,1.261846781692099295e+00
1.175000000000000000e+01,1.247409906620442932e+00
1.177083333333333215e+01,1.233156425885629126e+00
1.179166666666666607e+01,1.219144435959523154e+00
1.181250000000000000e+01,1.205429323294003652e+00
1.183333333333333215e+01,1.192013094163695719e+00
1.185416666666666607e+01,1.178886984655548531e+00
1.187500000000000000e+01,1.166087096955041424e+00
1.189583333333333215e+01,1.153654044709613302e+00
1.191666666666666607e+01,1.141577073836723688e+00
1.193750000000000000e+01,1.129834658099820643e+00
1.195833333333333215e+01,1.118449828232092269e+00
1.197916666666666607e+01,1.107449519761874779e+00
1.200000000000000000e+01,1.096805972806450313e+00
1.202083333333333215e+01,1.086435957459142898e+00
1.204166666666666607e+01,1.076250192337262046e+00
1.206250000000000000e+01,1.066209786697656980e+00
1.208333333333333215e+01,1.056287682883222168e+00
1.210416666666666607e+01,1.046425027088405457e+00
1.212500000000000000e+01,1.036576008969502638e+00
1.214583333333333215e+01,1.026749111796557479e+00
1.216666666666666607e+01,1.016964285471389395e+00
1.218750000000000000e+01,1.007194943897097961e+00
1.220833333333333215e+01,9.973941548595619544e-01
1.222916666666666607e+01,9.875470259115646243e-01
1.225000000000000000e+01,9.776474572827829057e-01
1.227083333333333215e+01,9.676432132976553468e-01
1.229166666666666607e+01,9.574776198237784364e-01
1.231250000000000000e+01,9.471462474159482170e-01
1.233333333333333215e+01,9.366589011551846866e-01
1.235416666666666607e+01,9.260269520293102907e-01
1.237500000000000000e+01,9.153137140650802195e-01
1.239583333333333215e+01,9.045940499431681658e-01
1.241666666666666607e+01,8.938968792600303637e-01
1.243750000000000000e+01,8.832278711564356399e-01
1.245833333333333215e+01,8.726217119968864289e-01
1.247916666666666607e+01,8.621220264947768719e-01
1.250000000000000000e+01,8.517273456933165399e-01
1.252083333333333215e+01,8.414312534665295829e-01
1.254166666666666607e+01,8.312793888315090918e-01
1.256250000000000000e+01,8.213290347564856653e-01
1.258333333333333215e+01,8.115925982147667028e-01
1.260416666666666607e+01,8.020774472361553720e-01
1.262500000000000000e+01,7.928424290983571154e-01
1.264583333333333215e+01,7.839573676154967252e-01
1.266666666666666607e+01,7.754441777189167162e-01
1.268750000000000000e+01,7.672718749050599918e-01
1.270833333333333215e+01,7.594022378632301340e-01
1.272916666666666607e+01,7.518322928714686881e-01
1.275000000000000000e+01,7.445498773048706553e-01
1.277083333333333215e+01,7.375069518417181058e-01
1.279166666666666607e+01,7.306656524273367204e-01
1.281250000000000000e+01,7.240389790993808639e-01
1.283333333333333215e+01,7.176473801466634050e-01
1.285416666666666607e+01,7.114617383145263041e-01
1.287500000000000000e+01,7.054002992294261531e-01
1.289583333333333215e+01,6.993757607469195392e-01
1.291666666666666607e+01,6.933505018496122219e-01
1.293750000000000000e+01,6.872953107672876705e-01
1.295833333333333215e+01,6.811339320590827917e-01
1.297916666666666607e+01,6.747843035516134513e-01
1.300000000000000000e+01,6.682159512512808597e-01
1.302083333333333215e+01,6.614538717420774816e-01
1.304166666666666607e+01,6.545308386466972550e-01
1.306250000000000000e+01,6.474311341204712633e-01
1.308333333333333215e+01,6.401297878386573714e-01
1.310416666666666607e+01,6.326460665907376324e-01
1.312500000000000000e+01,6.250026981828171735e-01
1.314583333333333215e+01,6.171739161535101381e-01
1.316666666666666607e+01,6.091252095676571443e-01
1.318750000000000000e+01,6.008730035500065014e-01
1.320833333333333215e+01,5.924886855627291560e-01
1.322916666666666607e+01,5.840516479649839887e-01
1.325000000000000000e+01,5.755922735985339322e-01
1.327083333333333215e+01,5.671333382915615395e-01
1.329166666666666607e+01,5.587462152104301083e-01
1.331250000000000000e+01,5.505102353686548433e-01
1.333333333333333215e+01,5.424554523490061619e-01
1.335416666666666607e+01,5.346041080366243925e-01
1.337500000000000000e+01,5.270271265889783230e-01
1.339583333333333215e+01,5.198067823705221357e-01
1.341666666666666607e+01,5.129797297266374123e-01
1.343750000000000000e+01,5.065596773607432546e-01
1.345833333333333215e+01,5.005885396842408852e-01
1.347916666666666607e+01,4.951153224583353385e-01
1.350000000000000000e+01,4.901396436531930689e-01
1.352083333333333215e+01,4.856043226821649128e-01
1.354166666666666607e+01,4.814058314462372756e-01
1.356250000000000000e+01,4.774442794396458467e-01
1.358333333333333215e+01,4.736704768743331684e-01
1.360416666666666607e+01,4.700572742504931512e-01
1.362500000000000000e+01,4.665462331402636664e-01
1.364583333333333215e+01,4.630736713954064498e-01
1.366666666666666607e+01,4.596247380944200600e-01
1.368750000000000000e+01,4.561958679228914626e-01
1.370833333333333215e+01,4.527369761901334222e-01
1.372916666666666607e+01,4.491480476528519894e-01
1.375000000000000000e+01,4.453264736159505688e-01
1.377083333333333215e+01,4.412216858241193584e-01
1.379166666666666607e+01,4.368174583642718822e-01
1.381250000000000000e+01,4.320814806387165419e-01
1.383333333333333215e+01,4.269765210380049858e-01
1.385416666666666607e+01,4.215160805093578489e-01
1.387500000000000000e+01,4.157704623173397174e-01
1.389583333333333215e+01,4.098189036407813290e-01
1.391666666666666607e+01,4.036905777514072646e-01
1.393750000000000000e+01,3.973833343612125368e-01
1.395833333333333215e+01,3.909141786246714823e-01
1.397916666666666607e+01,3.843097723665973575e-01
1.400000000000000000e+01,3.775553808870553141e-01
1.402083333333333215e+01,3.706299270358397457e-01
1.404166666666666607e+01,3.635643019566465739e-01
1.406250000000000000e+01,3.564454793624944884e-01
1.408333333333333215e+01,3.493730014138871631e-01
1.410416666666666607e+01,3.424037706054448016e-01
1.412500000000000000e+01,3.355864833849651063e-01
1.414583333333333215e+01,3.290127305652874590e-01
1.416666666666666607e+01,3.227746390896939488e-01
1.418750000000000000e+01,3.169149544122680240e-01
1.420833333333333215e+01,3.114658339610403281e-01
1.422916666666666607e+01,3.064827689681375311e-01
1.425000000000000000e+01,3.019991720451136175e-01
1.427083333333333215e+01,2.980260008783286452e-01
1.429166666666666607e+01,2.945986877012036764e-01
1.431250000000000000e+01,2.917576245775994614e-01
1.433333333333333215e+01,2.894935029680882899e-01
1.435416666666666607e+01,2.877430651806180961e-01
1.437500000000000000e+01,2.863918395931035477e-01
1.439583333333333215e+01,2.853203425474371002e-01
1.441666666666666607e+01,2.844603788221395924e-01
1.443750000000000000e+01,2.837556322940435471e-01
1.445833333333333215e+01,2.831121242987246767e-01
1.447916666666666607e+01,2.824396697191806638e-01
1.450000000000000000e+01,2.817003593934241934e-01
1.452083333333333215e+01,2.808667980730046310e-01
1.454166666666666607e+01,2.798642354114813102e-01
1.456250000000000000e+01,2.786059937528650998e-01
1.458333333333333215e+01,2.770484286723351453e-01
1.460416666666666607e+01,2.751555269699568207e-01
1.462500000000000000e+01,2.728485938639177988e-01
1.464583333333333215e+01,2.700467756696163235e-01
1.466666666666666607e+01,2.667204642957927696e-01
1.468750000000000000e+01,2.628946700146670423e-01
1.470833333333333215e+01,2.586457938918549360e-01
1.472916666666666607e+01,2.540543303037301470e-01
1.475000000000000000e+01,2.491485578738434903e-01
1.477083333333333215e+01,2.439400655435841614e-01
1.479166666666666607e+01,2.384779567985959581e-01
1.481250000000000000e+01,2.328147088953085309e-01
1.483333333333333215e+01,2.269504225996770153e-01
1.485416666666666607e+01,2.208737822788497951e-01
1.487500000000000000e+01,2.146231927924961980e-01
1.489583333333333215e+01,2.082942846801207892e-01
1.491666666666666607e+01,2.020232278069107323e-01
1.493750000000000000e+01,1.959342597580282508e-01
1.495833333333333215e+01,1.900972097867792421e-01
1.497916666666666607e+01,1.845665946181500594e-01
1.500000000000000000e+01,1.794138359537389427e-01
1.502083333333333215e+01,1.746913728357681883e-01
1.504166666666666607e+01,1.704013477793586695e-01
1.506250000000000000e+01,1.665002117009644067e-01
1.508333333333333215e+01,1.629465543592854004e-01
1.510416666666666607e+01,1.597499563594224625e-01
1.512500000000000000e+01,1.569302050530612114e-01
1.514583333333333215e+01,1.544620272332157818e-01
1.516666666666666607e+01,1.523162234130071013e-01
1.518750000000000000e+01,1.505152802758220609e-01
1.520833333333333215e+01,1.490894901712787046e-01
1.522916666666666607e+01,1.480202426112673386e-01
1.525000000000000000e+01,1.472790081028900744e-01
1.527083333333333215e+01,1.468839850497429822e-01
1.529166666666666607e+01,1.468606400187262295e-01
1.531250000000000000e+01,1.471859380312574572e-01
1.533333333333333215e+01,1.478266775960928037e-01
1.535416666666666607e+01,1.487507378844341588e-01
1.537500000000000000e+01,1.498778024656211016e-01
1.539583333333333215e+01,1.511194053006557070e-01
1.541666666666666607e+01,1.524350471966355869e-01
1.543750000000000000e+01,1.537921828321153761e-01
1.545833333333333215e+01,1.551189766470848497e-01
1.547916666666666607e+01,1.563462638081034584e-01
1.550000000000000000e+01,1.574539454157721785e-01
1.552083333333333215e+01,1.584279137525768100e-01
1.554166666666666607e+01,1.592255627324621337e-01
1.556250000000000000e+01,1.598222459130154149e-01
1.558333333333333215e+01,1.602188040081409248e-01
1.560416666666666607e+01,1.603944422754373100e-01
1.562500000000000000e+01,1.603203322003112774e-01
1.564583333333333215e+01,1.600128806204210719e-01
1.566666666666666607e+01,1.594931090257238893e-01
1.568750000000000000e+01,1.587299368404169186e-01
1.570833333333333215e+01,1.576808262964575214e-01
1.572916666666666607e+01,1.563488171478595312e-01
1.575000000000000000e+01,1.547431022160279390e-01
1.577083333333333215e+01,1.528396280550747832e-01
1.579166666666666607e+01,1.506259736278412475e-01
1.581250000000000000e+01,1.481265349265226128e-01
1.583333333333333215e+01,1.453602609342126151e-01
1.585416666666666607e+01,1.423438296401835501e-01
1.587500000000000000e+01,1.391425992234758269e-01
1.589583333333333215e+01,1.358298131333217640e-01
1.591666666666666607e+01,1.324405824101053675e-01
1.593750000000000000e+01,1.290124252928346316e-01
1.595833333333333215e+01,1.256119097172394561e-01
1.597916666666666607e+01,1.222880934815937515e-01
1.600000000000000000e+01,1.190453565395461766e-01
1.602083333333333215e+01,1.158911678502776432e-01
1.604166666666666430e+01,1.128816353423043317e-01
1.606250000000000000e+01,1.100798828796367701e-01
1.608333333333333215e+01,1.075002391392820833e-01
1.610416666666666430e+01,1.051434984712349419e-01
1.612500000000000000e+01,1.030417686229192498e-01
1.614583333333333215e+01,1.012196250275834153e-01
1.616666666666666430e+01,9.965167194405477602e-02
1.618750000000000000e+01,9.830418298506549135e-02
1.620833333333333215e+01,9.719261984932181520e-02
1.622916666666666430e+01,9.634118781125300401e-02
1.625000000000000000e+01,9.572830186249259299e-02
1.627083333333333215e+01,9.532721384294662315e-02
1.629166666666666430e+01,9.516315837608413375e-02
1.631250000000000000e+01,9.527245143493967561e-02
1.633333333333333215e+01,9.564351213848354405e-02
1.635416666666666430e+01,9.621099712681591143e-02
1.637500000000000000e+01,9.689776759835178055e-02
1.639583333333333215e+01,9.767134161368140610e-02
1.641666666666666430e+01,9.850789112685731652e-02
1.643750000000000000e+01,9.933742081724172834e-02
1.645833333333333215e+01,1.000843982091086382e-01
1.647916666666666430e+01,1.007231743844609895e-01
1.650000000000000000e+01,1.012377660742336261e-01
1.652083333333333215e+01,1.015829708984545832e-01
1.654166666666666430e+01,1.017284440685854996e-01
1.656250000000000000e+01,1.016819741066972149e-01
1.658333333333333215e+01,1.014438856732624572e-01
1.660416666666666430e+01,1.009763218677406371e-01
1.662500000000000000e+01,1.002466255640279691e-01
1.664583333333333215e+01,9.927074914306244224e-02
1.666666666666666430e+01,9.807239319710348013e-02
1.668750000000000000e+01,9.667269234778386178e-02
1.670833333333333215e+01,9.512831881638517117e-02
1.672916666666666430e+01,9.348548826204305939e-02
1.675000000000000000e+01,9.173813037387956726e-02
1.677083333333333215e+01,8.987076152019435327e-02
1.679166666666666430e+01,8.791523551223034971e-02
1.681250000000000000e+01,8.591057955362479959e-02
1.683333333333333215e+01,8.384741093904013454e-02
1.685416666666666430e+01,8.170827626583498926e-02
1.687500000000000000e+01,7.952598722094128547e-02
1.689583333333333215e+01,7.737129026356504014e-02
1.691666666666666430e+01,7.530219125745940545e-02
1.693750000000000000e+01,7.332563913130663025e-02
1.695833333333333215e+01,7.144069765544891482e-02
1.697916666666666430e+01,6.969444182848505420e-02
1.700000000000000000e+01,6.814191601741370619e-02
1.702083333333333215e+01,6.678938445708837435e-02
1.704166666666666430e+01,6.563496540095536957e-02
1.706250000000000000e+01,6.472263521481158577e-02
1.708333333333333215e+01,6.410186907030768211e-02
1.710416666666666430e+01,6.377310561147897516e-02
1.712500000000000000e+01,6.372773696610378735e-02
1.714583333333333215e+01,6.399198333576139319e-02
1.716666666666666430e+01,6.458505874771480748e-02
1.718750000000000000e+01,6.547187754577077357e-02
1.720833333333333215e+01,6.655968915575316558e-02
1.722916666666666430e+01,6.774569653378437195e-02
1.725000000000000000e+01,6.897409227237449869e-02
1.727083333333333215e+01,7.021232425035339730e-02
1.729166666666666430e+01,7.140348334470214553e-02
1.731250000000000000e+01,7.248960214596156248e-02
1.733333333333333215e+01,7.346014664708100383e-02
1.735416666666666430e+01,7.431013936767882910e-02
1.737500000000000000e+01,7.498344974310322542e-02
1.739583333333333215e+01,7.541283039785540154e-02
1.741666666666666430e+01,7.557784455395166745e-02
1.743750000000000000e+01,7.549377755826647274e-02
1.745833333333333215e+01,7.516188581820104631e-02
1.747916666666666430e+01,7.455370158157670346e-02
1.750000000000000000e+01,7.366025520046015629e-02
1.752083333333333215e+01,7.252290791095328260e-02
1.754166666666666430e+01,7.119024956462194353e-02
1.756250000000000000e+01,6.966220471797779368e-02
1.758333333333333215e+01,6.793100406040775141e-02
1.760416666666666430e+01,6.603709698872428646e-02
1.762500000000000000e+01,6.402988685732946550e-02
1.764583333333333215e+01,6.191154575957869000e-02
1.766666666666666430e+01,5.967743632571931300e-02
1.768750000000000000e+01,5.737222698610811022e-02
1.770833333333333215e+01,5.506236170132305929e-02
1.772916666666666430e+01,5.278331781652711996e-02
1.775000000000000000e+01,5.056340151081473167e-02
1.777083333333333215e+01,4.845441149013041127e-02
1.779166666666666430e+01,4.648719261503675426e-02
1.781250000000000000e+01,4.466959039943763088e-02
1.783333333333333215e+01,4.303467925666693006e-02
1.785416666666666430e+01,4.161907431014233438e-02
1.787500000000000000e+01,4.040868137558284445e-02
1.789583333333333215e+01,3.937976612699367607e-02
1.791666666666666430e+01,3.855561233890458794e-02
1.793750000000000000e+01,3.796662225803437707e-02
1.795833333333333215e+01,3.759556581291079169e-02
1.797916666666666430e+01,3.741791197289900950e-02
1.800000000000000000e+01,3.745813751525650659e-02
1.802083333333333215e+01,3.774836632894729149e-02
1.804166666666666430e+01,3.826963249559511837e-02
1.806250000000000000e+01,3.895122480429114020e-02
1.808333333333333215e+01,3.971930340727380937e-02
1.810416666666666430e+01,4.054907009404251639e-02
1.812500000000000000e+01,4.143205422697482376e-02
1.814583333333333215e+01,4.233311468731804084e-02
1.816666666666666430e+01,4.322291983557047246e-02
1.818750000000000000e+01,4.407561765886747196e-02
1.820833333333333215e+01,4.482921950700280433e-02
1.822916666666666430e+01,4.542926097608912528e-02
1.825000000000000000e+01,4.587186748438343287e-02
1.827083333333333215e+01,4.616068139296114481e-02
1.829166666666666430e+01,4.625076268229255660e-02
1.831250000000000000e+01,4.608909015966045075e-02
1.833333333333333215e+01,4.567436402533653350e-02
1.835416666666666430e+01,4.505958760166395294e-02
1.837500000000000000e+01,4.430496666043959308e-02
1.839583333333333215e+01,4.342085551098628926e-02
1.841666666666666430e+01,4.240835951648058710e-02
1.843750000000000000e+01,4.130341264322412442e-02
1.845833333333333215e+01,4.013387477052177132e-02
1.847916666666666430e+01,3.887800188033763149e-02
1.850000000000000000e+01,3.750662734011456223e-02
1.852083333333333215e+01,3.604132922873715117e-02
1.854166666666666430e+01,3.455847553713420339e-02
1.856250000000000000e+01,3.314170296118179593e-02
1.858333333333333215e+01,3.182503787288260000e-02
1.860416666666666430e+01,3.061845928062201239e-02
1.862500000000000000e+01,2.956106378642431309e-02
1.864583333333333215e+01,2.869767549928603501e-02
1.866666666666666430e+01,2.802436952119879976e-02
1.868750000000000000e+01,2.752419409124895466e-02
1.870833333333333215e+01,2.721864458720091307e-02
1.872916666666666430e+01,2.712930094852339380e-02
1.875000000000000000e+01,2.722569681877784475e-02
1.877083333333333215e+01,2.746595120200856499e-02
1.879166666666666430e+01,2.785252053547804252e-02
1.881250000000000000e+01,2.839377820787536422e-02
1.883333333333333215e+01,2.906426963810071484e-02
1.885416666666666430e+01,2.980570024596174150e-02
1.887500000000000000e+01,3.055083135523295468e-02
1.889583333333333215e+01,3.127773244723819346e-02
1.891666666666666430e+01,3.196979250928233540e-02
1.893750000000000000e+01,3.257068440101251738e-02
1.895833333333333215e+01,3.302782039153973059e-02
1.897916666666666430e+01,3.333571121057676834e-02
1.900000000000000000e+01,3.349614194895522701e-02
1.902083333333333215e+01,3.349582685084895317e-02
1.904166666666666430e+01,3.334943336172724315e-02
1.906250000000000000e+01,3.307197817857243649e-02
1.908333333333333215e+01,3.263142713151045982e-02
1.910416666666666430e+01,3.198954706888468280e-02
1.912500000000000000e+01,3.115590773714638217e-02
1.914583333333333215e+01,3.014793751462274685e-02
1.916666666666666430e+01,2.894140486376661769e-02
1.918750000000000000e+01,2.751166090748391468e-02
1.920833333333333215e+01,2.588587159811872596e-02
1.922916666666666430e+01,2.414378836245578697e-02
1.925000000000000000e+01,2.237004372062001423e-02
1.927083333333333215e+01,2.059882001233015458e-02
1.929166666666666430e+01,1.885350966964605135e-02
1.931250000000000000e+01,1.718210665591701769e-02
1.933333333333333215e+01,1.561369795059031063e-02
1.935416666666666430e+01,1.416340444651131847e-02
1.937500000000000000e+01,1.287589258536492309e-02
1.939583333333333215e+01,1.179252044268697119e-02
1.941666666666666430e+01,1.090566272006965320e-02
1.943750000000000000e+01,1.019940392214913061e-02
1.945833333333333215e+01,9.705676791303741169e-03
1.947916666666666430e+01,9.463775906631166634e-03
1.950000000000000000e+01,9.461951591838602127e-03
1.952083333333333215e+01,9.640740210368203833e-03
1.954166666666666430e+01,9.940744845486015890e-03
1.956250000000000000e+01,1.034978519776430517e-02
1.958333333333333215e+01,1.086305086567795897e-02
1.960416666666666430e+01,1.144772009988281880e-02
1.962500000000000000e+01,1.208685867572389938e-02
1.964583333333333215e+01,1.279213725216132858e-02
1.966666666666666430e+01,1.355542412086707671e-02
1.968750000000000000e+01,1.431561976176087825e-02
1.970833333333333215e+01,1.500165232799988146e-02
1.972916666666666430e+01,1.558797726236882397e-02
1.975000000000000000e+01,1.606448797600679157e-02
1.977083333333333215e+01,1.639463983257938295e-02
1.979166666666666430e+01,1.654654778124520220e-02
1.981250000000000000e+01,1.653423067730575013e-02
1.983333333333333215e+01,1.637801816517203690e-02
1.985416666666666430e+01,1.608275702321293466e-02
1.987500000000000000e+01,1.567954870666143918e-02
1.989583333333333215e+01,1.519810470421578685e-02
1.991666666666666430e+01,1.461924565944938692e-02
1.993750000000000000e+01,1.391474456343555488e-02
1.995833333333333215e+01,1.310308242079827323e-02
1.997916666666666430e+01,1.221002741982779582e-02
2.000000000000000000e+01,1.121401763639795490e-02
2.002083333333333215e+01,1.008591776746525781e-02
2.004166666666666430e+01,8.847383138388842383e-03
2.006250000000000000e+01,7.574068848495763007e-03
2.008333333333333215e+01,6.349179389984360711e-03
2.010416666666666430e+01,5.205925994009152902e-03
2.012500000000000000e+01,4.150043173757111958e-03
2.014583333333333215e+01,3.209955507809336694e-03
2.016666666666666430e+01,2.419233776417062387e-03
2.018750000000000000e+01,1.763887815599218811e-03
2.020833333333333215e+01,1.224356687977934399e-03
2.022916666666666430e+01,8.311890745686945081e-04
2.025000000000000000e+01,6.261378455310051550e-04
2.027083333333333215e+01,6.064302423216538784e-04
2.029166666666666430e+01,7.647923838058900969e-04
2.031250000000000000e+01,1.140849775187913195e-03
2.033333333333333215e+01,1.780209115502806583e-03
2.035416666666666430e+01,2.680203429525906955e-03
2.037500000000000000e+01,3.786507612422163049e-03
2.039583333333333215e+01,5.039862815511053640e-03
2.041666666666666430e+01,6.431345162217549927e-03
2.043750000000000000e+01,7.961717271297796827e-03
2.045833333333333215e+01,9.587357373826765894e-03
2.047916666666666430e+01,1.126053976356367059e-02
2.050000000000000000e+01,1.298535621590346523e-02
2.052083333333333215e+01,1.477710129606224498e-02
2.054166666666666430e+01,1.660477274732352626e-02
2.056250000000000000e+01,1.840056830189151782e-02
2.058333333333333215e+01,2.011058991412761898e-02
2.060416666666666430e+01,2.173480676749361962e-02
2.062500000000000000e+01,2.328489278730172529e-02
2.064583333333333215e+01,2.472738485531600361e-02
2.066666666666666430e+01,2.602322257560274466e-02
2.068750000000000000e+01,2.717825287437269921e-02
2.070833333333333215e+01,2.820177800045353678e-02
2.072916666666666430e+01,2.905499951287771054e-02
2.075000000000000000e+01,2.969089093151966452e-02
2.077083333333333215e+01,3.010959792590561790e-02
2.079166666666666430e+01,3.031704609663998795e-02
2.081250000000000000e+01,3.027078978634145656e-02
2.083333333333333215e+01,2.991885637154156896e-02
2.085416666666666430e+01,2.925733938111552135e-02
2.087500000000000000e+01,2.833536838747008346e-02
2.089583333333333215e+01,2.720882412079106416e-02
2.091666666666666430e+01,2.588504237304123379e-02
2.093750000000000000e+01,2.436289921790812940e-02
2.095833333333333215e+01,2.268748204985282513e-02
2.097916666666666430e+01,2.090921533145806421e-02
2.100000000000000000e+01,1.902671699957547702e-02
2.102083333333333215e+01,1.702758786217462017e-02
2.104166666666666430e+01,1.494647830508188946e-02
2.106250000000000000e+01,1.285914854106184890e-02
2.108333333333333215e+01,1.083259614189735487e-02
2.110416666666666430e+01,8.880237112725009041e-03
2.112500000000000000e+01,7.003520258438644674e-03
2.114583333333333215e+01,5.248983617224922682e-03
2.116666666666666430e+01,3.668627131210744352e-03
2.118750000000000000e+01,2.265850097467048130e-03
2.120833333333333215e+01,1.037592851505841907e-03
2.122916666666666430e+01,3.010401233627391093e-05
2.125000000000000000e+01,-7.027989500496545361e-04
2.127083333333333215e+01,-1.156849836019713251e-03
2.129166666666666430e+01,-1.340304864430486020e-03
2.131250000000000000e+01,-1.228395617526967243e-03
2.133333333333333215e+01,-8.002902502703967969e-04
2.135416666666666430e+01,-8.682146910965471420e-05
2.137500000000000000e+01,8.365218652506278829e-04
2.139583333333333215e+01,1.898568312404425029e-03
2.141666666666666430e+01,3.077829361169293065e-03
2.143750000000000000e+01,4.361228972271202764e-03
2.145833333333333215e+01,5.702390329620499188e-03
2.147916666666666430e+01,7.065261611109097117e-03
2.150000000000000000e+01,8.464229167254977426e-03
2.152083333333333215e+01,9.920965120807423432e-03
2.154166666666666430e+01,1.140719225782715895e-02
2.156250000000000000e+01,1.285601552088921906e-02
2.158333333333333215e+01,1.421367385551075557e-02
2.160416666666666430e+01,1.547796077375585000e-02
2.162500000000000000e+01,1.665477478589627580e-02
2.164583333333333215e+01,1.770051727342725201e-02
2.166666666666666430e+01,1.856351441501891131e-02
2.168750000000000000e+01,1.923848174498976604e-02
2.170833333333333215e+01,1.972530176166831239e-02
2.172916666666666430e+01,1.998196513237715521e-02
2.175000000000000000e+01,1.996888606835778290e-02
2.177083333333333215e+01,1.969390663765668847e-02
2.179166666666666430e+01,1.916850554286053665e-02
2.181250000000000000e+01,1.835447907692211444e-02
2.183333333333333215e+01,1.720621222211704548e-02
2.185416666666666430e+01,1.572698396065330684e-02
2.187500000000000000e+01,1.397322805728551387e-02
2.189583333333333215e+01,1.203145379480874411e-02
2.191666666666666430e+01,9.966343334380844965e-03
2.193750000000000000e+01,7.805691890943933231e-03
2.195833333333333215e+01,5.587465204225150472e-03
2.197916666666666430e+01,3.360169106805699357e-03
2.200000000000000000e+01,1.137097561475286511e-03
2.202083333333333215e+01,-1.069219397033638330e-03
2.204166666666666430e+01,-3.196397739957390627e-03
2.206250000000000000e+01,-5.175749002997775960e-03
2.208333333333333215e+01,-6.990162382449760514e-03
2.210416666666666430e+01,-8.632588689159614859e-03
2.212500000000000000e+01,-1.006333332036524197e-02
2.214583333333333215e+01,-1.125609711468866792e-02
2.216666666666666430e+01,-1.222517322721472510e-02
2.218750000000000000e+01,-1.297921674147906046e-02
2.220833333333333215e+01,-1.347398183933368188e-02
2.222916666666666430e+01,-1.365560711866331545e-02
2.225000000000000000e+01,-1.351786043366320911e-02
2.227083333333333215e+01,-1.307801998389290787e-02
2.229166666666666430e+01,-1.232372085926192185e-02
2.231250000000000000e+01,-1.123354332365034125e-02
2.233333333333333215e+01,-9.835023351941085679e-03
2.235416666666666430e+01,-8.210259607504877266e-03
2.237500000000000000e+01,-6.448320306155164161e-03
2.239583333333333215e+01,-4.588342712559700942e-03
2.241666666666666430e+01,-2.661743654569725948e-03
2.243750000000000000e+01,-7.489441035821720050e-04
2.245833333333333215e+01,1.061114032778309735e-03
2.247916666666666430e+01,2.729957276089489682e-03
2.250000000000000000e+01,4.253825484030748783e-03
2.252083333333333215e+01,5.614218548485094828e-03
2.254166666666666430e+01,6.785912169246177683e-03
2.256250000000000000e+01,7.779471269337978612e-03
2.258333333333333215e+01,8.600032045047445450e-03
2.260416666666666430e+01,9.204787793687607689e-03
2.262500000000000000e+01,9.546042868520565605e-03
2.264583333333333215e+01,9.627036749326745024e-03
2.266666666666666430e+01,9.463060932686229165e-03
2.268750000000000000e+01,9.068180069531361909e-03
2.270833333333333215e+01,8.498188419994612275e-03
2.272916666666666430e+01,7.808340113901746093e-03
2.275000000000000000e+01,7.003308713652955930e-03
2.277083333333333215e+01,6.079772211833311957e-03
2.279166666666666430e+01,5.078617280709796233e-03
2.281250000000000000e+01,4.042515135886048938e-03
2.283333333333333215e+01,2.963883110851384117e-03
2.285416666666666430e+01,1.827518832544505756e-03
2.287500000000000000e+01,6.681854515866447741e-04
2.289583333333333215e+01,-4.566751082686337782e-04
2.291666666666666430e+01,-1.520755174726495795e-03
2.293750000000000000e+01,-2.504542561432732128e-03
2.295833333333333215e+01,-3.357907493676481891e-03
2.297916666666666430e+01,-4.045546783208120445e-03
2.300000000000000000e+01,-4.571194183085491858e-03
2.302083333333333215e+01,-4.929799337163753847e-03
2.304166666666666430e+01,-5.107922454098190457e-03
2.306250000000000000e+01,-5.126437615779355639e-03
2.308333333333333215e+01,-4.998905398528652455e-03
2.310416666666666430e+01,-4.689285317386548968e-03
2.312500000000000000e+01,-4.154189257437934657e-03
2.314583333333333215e+01,-3.399025832536928249e-03
2.316666666666666430e+01,-2.439996232713514956e-03
2.318750000000000000e+01,-1.292355729365812778e-03
2.320833333333333215e+01,-1.923509397983025337e-05
2.322916666666666430e+01,1.309806516653022612e-03
2.325000000000000000e+01,2.677378252005535586e-03
2.327083333333333215e+01,4.076602882919999615e-03
2.329166666666666430e+01,5.454730253055650735e-03
2.331250000000000000e+01,6.754765622095870725e-03
2.333333333333333215e+01,7.972903824026822406e-03
2.335416666666666430e+01,9.113898929998143217e-03
2.337500000000000000e+01,1.013213455825079379e-02
2.339583333333333215e+01,1.097436487671288319e-02
2.341666666666666430e+01,1.163747532298486931e-02
2.343750000000000000e+01,1.212750983304555774e-02
2.345833333333333215e+01,1.240189848035289089e-02
2.347916666666666430e+01,1.241061244008356823e-02
2.350000000000000000e+01,1.215620216910506812e-02
2.352083333333333215e+01,1.169731552252972762e-02
2.354166666666666430e+01,1.110004228537064819e-02
2.356250000000000000e+01,1.038143986332951130e-02
2.358333333333333215e+01,9.549515024036558941e-03
2.360416666666666430e+01,8.641635090140820097e-03
2.362500000000000000e+01,7.678546102576344623e-03
2.364583333333333215e+01,6.643285323924885688e-03
2.366666666666666430e+01,5.528156748769497142e-03
2.368750000000000000e+01,4.379298932050357251e-03
2.370833333333333215e+01,3.255041071719588786e-03
2.372916666666666430e+01,2.167628040562696867e-03
2.375000000000000000e+01,1.122457505245755272e-03
2.377083333333333215e+01,1.749909689507944677e-04
2.379166666666666430e+01,-6.087360283908438419e-04
2.381250000000000000e+01,-1.209955399435358459e-03
2.383333333333333215e+01,-1.624949584887236398e-03
2.385416666666666430e+01,-1.854514947830399052e-03
2.387500000000000000e+01,-1.913812421205918213e-03
2.389583333333333215e+01,-1.784583844556930643e-03
2.391666666666666430e+01,-1.443058196437085883e-03
2.393750000000000000e+01,-9.143458315112873436e-04
2.395833333333333215e+01,-2.320325211386808917e-04
2.397916666666666430e+01,6.195627808489589938e-04
2.400000000000000000e+01,1.664261890193863280e-03
2.402083333333333215e+01,2.874553309530014644e-03
2.404166666666666430e+01,4.166848430021463656e-03
2.406250000000000000e+01,5.450112619131974867e-03
2.408333333333333215e+01,6.684088429899759376e-03
2.410416666666666430e+01,7.850991592064815450e-03
2.412500000000000000e+01,8.905289221898371466e-03
2.414583333333333215e+01,9.801915802694072255e-03
2.416666666666666430e+01,1.054637254260537560e-02
2.418750000000000000e+01,1.115251989693044621e-02
2.420833333333333215e+01,1.158446583908290251e-02
2.422916666666666430e+01,1.179885671091707167e-02
2.425000000000000000e+01,1.180209895577277734e-02
2.427083333333333215e+01,1.160898758684814069e-02
2.429166666666666430e+01,1.118382797216455060e-02
2.431250000000000000e+01,1.048239379552606820e-02
2.433333333333333215e+01,9.511060651253178122e-03
2.435416666666666430e+01,8.332906333588852021e-03
2.437500000000000000e+01,7.022282012074221313e-03
2.439583333333333215e+01,5.607411912766036011e-03
2.441666666666666430e+01,4.111760866321034769e-03
2.443750000000000000e+01,2.608493887708007719e-03
2.445833333333333215e+01,1.178659250013591731e-03
2.447916666666666430e+01,-1.455444801736760496e-04
2.450000000000000000e+01,-1.371813498216578608e-03
2.452083333333333215e+01,-2.496434169176442452e-03
2.454166666666666430e+01,-3.461509579165245043e-03
2.456250000000000000e+01,-4.198463895636717069e-03
2.458333333333333215e+01,-4.686066228974716807e-03
2.460416666666666430e+01,-4.936243903152170986e-03
2.462500000000000000e+01,-4.944224407354091966e-03
2.464583333333333215e+01,-4.685557015879027176e-03
2.466666666666666430e+01,-4.168139166955242558e-03
2.468750000000000000e+01,-3.453115011244900501e-03
2.470833333333333215e+01,-2.611708332186157833e-03
2.472916666666666430e+01,-1.667632081946202049e-03
2.475000000000000000e+01,-6.364921096388975741e-04
2.477083333333333215e+01,4.326417917015490389e-04
2.479166666666666430e+01,1.501116734466734215e-03
2.481250000000000000e+01,2.579936405934901700e-03
2.483333333333333215e+01,3.686264787583048985e-03
2.485416666666666430e+01,4.785578938687695683e-03
2.487500000000000000e+01,5.819514604129327751e-03
2.489583333333333215e+01,6.760132903690596606e-03
2.491666666666666430e+01,7.586154076220985587e-03
2.493750000000000000e+01,8.254466457995768280e-03
2.495833333333333215e+01,8.743591748598067426e-03
2.497916666666666430e+01,9.046122784068355571e-03
2.500000000000000000e+01,9.131746429875242654e-03
2.502083333333333215e+01,8.982617326205311059e-03
2.504166666666666430e+01,8.633300518992470529e-03
2.506250000000000000e+01,8.126673265687944792e-03
2.508333333333333215e+01,7.456190017851582752e-03
2.510416666666666430e+01,6.607015106268487870e-03
2.512500000000000000e+01,5.613988701276273474e-03
2.514583333333333215e+01,4.519499536122850714e-03
2.516666666666666430e+01,3.316416139501399130e-03
2.518750000000000000e+01,1.988821950019481477e-03
2.520833333333333215e+01,5.722796105898098062e-04
2.522916666666666430e+01,-8.517018225666639353e-04
2.525000000000000000e+01,-2.205612413750834833e-03
2.527083333333333215e+01,-3.462591028457584486e-03
2.529166666666666430e+01,-4.604634202849400282e-03
2.531250000000000000e+01,-5.584277642300072841e-03
2.533333333333333215e+01,-6.370030725753927925e-03
2.535416666666666430e+01,-6.981312434541031564e-03
2.537500000000000000e+01,-7.445276828988767193e-03
2.539583333333333215e+01,-7.742226411575181544e-03
2.541666666666666430e+01,-7.845915601451203258e-03
2.543750000000000000e+01,-7.770072743162437234e-03
2.545833333333333215e+01,-7.524831780992169428e-03
2.547916666666666430e+01,-7.070698894594329431e-03
2.550000000000000000e+01,-6.359892464955496649e-03
2.552083333333333215e+01,-5.396543242767393167e-03
2.554166666666666430e+01,-4.240322820221020805e-03
2.556250000000000000e+01,-2.959045649291613955e-03
2.558333333333333215e+01,-1.571252218430796432e-03
2.560416666666666430e+01,-8.793358405245754739e-05
2.562500000000000000e+01,1.430950271504194404e-03
2.564583333333333215e+01,2.917479652602139595e-03
2.566666666666666430e+01,4.354245526209776784e-03
2.568750000000000000e+01,5.732978371922214933e-03
2.570833333333333215e+01,6.997005999907379703e-03
2.572916666666666430e+01,8.081425914117090770e-03
2.575000000000000000e+01,8.970475879106487582e-03
2.577083333333333215e+01,9.660172463112015606e-03
2.579166666666666430e+01,1.011454209092477186e-02
2.581250000000000000e+01,1.030482658414877406e-02
2.583333333333333215e+01,1.025323839849079377e-02
2.585416666666666430e+01,9.998678983960118671e-03
2.587500000000000000e+01,9.542674885996138556e-03
2.589583333333333215e+01,8.879845828499544069e-03
2.591666666666666430e+01,8.053556558162533463e-03
2.593750000000000000e+01,7.114674562189726714e-03
2.595833333333333215e+01,6.065583626450710142e-03
2.597916666666666430e+01,4.899936332079857237e-03
2.600000000000000000e+01,3.653034784878883556e-03
2.602083333333333215e+01,2.397245363269906449e-03
2.604166666666666430e+01,1.205229311974864714e-03
2.606250000000000000e+01,1.011589796515721673e-04
2.608333333333333215e+01,-8.983905915003198572e-04
2.610416666666666430e+01,-1.744235506705660299e-03
2.612500000000000000e+01,-2.398615827499117614e-03
2.614583333333333215e+01,-2.872755242374402940e-03
2.616666666666666430e+01,-3.183723548064953945e-03
2.618750000000000000e+01,-3.316446644214821049e-03
2.620833333333333215e+01,-3.269508634635709399e-03
2.622916666666666430e+01,-3.068167904284546665e-03
2.625000000000000000e+01,-2.717047426856300518e-03
2.627083333333333215e+01,-2.210053724915894691e-03
2.629166666666666430e+01,-1.570406455632333831e-03
2.631250000000000000e+01,-8.113149839834576937e-04
2.633333333333333215e+01,9.328305068079245643e-05
2.635416666666666430e+01,1.162409330342395464e-03
2.637500000000000000e+01,2.361464130176127441e-03
2.639583333333333215e+01,3.613254661691822633e-03
2.641666666666666430e+01,4.849077149720049107e-03
2.643750000000000000e+01,6.051233792787158450e-03
2.645833333333333215e+01,7.209337774949808875e-03
2.647916666666666430e+01,8.264634852064745019e-03
2.650000000000000000e+01,9.151289145814978099e-03
2.652083333333333215e+01,9.855935010132377272e-03
2.654166666666666430e+01,1.037790065197974343e-02
2.656250000000000000e+01,1.067459388517777441e-02
2.658333333333333215e+01,1.070159326553721257e-02
2.660416666666666430e+01,1.046531862166899529e-02
2.662500000000000000e+01,9.983663520867658292e-03
2.664583333333333215e+01,9.228838826714547139e-03
2.666666666666666430e+01,8.168867286118874915e-03
2.668750000000000000e+01,6.826988416932078252e-03
2.670833333333333215e+01,5.285202011974021730e-03
2.672916666666666430e+01,3.635733580447109148e-03
2.675000000000000000e+01,1.924336517955094195e-03
2.677083333333333215e+01,1.831345488656488385e-04
2.679166666666666430e+01,-1.532841628518966104e-03
2.681250000000000000e+01,-3.183182484794766509e-03
2.683333333333333215e+01,-4.773009123724580860e-03
2.685416666666666430e+01,-6.311167018074215207e-03
2.687500000000000000e+01,-7.759724804376588736e-03
2.689583333333333215e+01,-9.075212906564544824e-03
2.691666666666666430e+01,-1.026626070730785045e-02
2.693750000000000000e+01,-1.135220554910842949e-02
2.695833333333333215e+01,-1.230699422716607927e-02
2.697916666666666430e+01,-1.309974899090082801e-02
2.700000000000000000e+01,-1.373864744713859665e-02
2.702083333333333215e+01,-1.422618337236114527e-02
2.704166666666666430e+01,-1.452060733774152013e-02
2.706250000000000000e+01,-1.457845935707258178e-02
2.708333333333333215e+01,-1.440536770120415255e-02
2.710416666666666430e+01,-1.401361740763418240e-02
2.712500000000000000e+01,-1.337309607702374947e-02
2.714583333333333215e+01,-1.245381254783595182e-02
2.716666666666666430e+01,-1.127640746285241136e-02
2.718750000000000000e+01,-9.913939204530652916e-03
2.720833333333333215e+01,-8.443455511406572356e-03
2.722916666666666430e+01,-6.889130699304413241e-03
2.725000000000000000e+01,-5.263382663402982331e-03
2.727083333333333215e+01,-3.624407828048070712e-03
2.729166666666666430e+01,-2.034540471716361765e-03
2.731250000000000000e+01,-5.034334557558750589e-04
2.733333333333333215e+01,9.707621295866886157e-04
2.735416666666666430e+01,2.343825451488257272e-03
2.737500000000000000e+01,3.564239235827493246e-03
2.739583333333333215e+01,4.629034640184048754e-03
2.741666666666666430e+01,5.543409367886997785e-03
2.743750000000000000e+01,6.264001080785508435e-03
2.745833333333333215e+01,6.740221374618826644e-03
2.747916666666666430e+01,6.969972407194102715e-03
2.750000000000000000e+01,6.961593171268987135e-03
2.752083333333333215e+01,6.721645743904325343e-03
2.754166666666666430e+01,6.304508305050582351e-03
2.756250000000000000e+01,5.770309798426964676e-03
2.758333333333333215e+01,5.129515469014744866e-03
2.760416666666666430e+01,4.378739150411981029e-03
2.762500000000000000e+01,3.547966611360475753e-03
2.764583333333333215e+01,2.661541936199718350e-03
2.766666666666666430e+01,1.692956557057812006e-03
2.768750000000000000e+01,6.050727597646243794e-04
2.770833333333333215e+01,-5.908530132772149557e-04
2.772916666666666430e+01,-1.831634794450476278e-03
2.775000000000000000e+01,-3.049964914636049684e-03
2.777083333333333215e+01,-4.230909603544219522e-03
2.779166666666666430e+01,-5.371371879305808505e-03
2.781250000000000000e+01,-6.422993593181214322e-03
2.783333333333333215e+01,-7.332564779336525618e-03
2.785416666666666430e+01,-8.098296449230879546e-03
2.787500000000000000e+01,-8.727643322827827177e-03
2.789583333333333215e+01,-9.179082846823227726e-03
2.791666666666666430e+01,-9.402281145624247216e-03
2.793750000000000000e+01,-9.392375438487921002e-03
2.795833333333333215e+01,-9.150173631070401825e-03
2.797916666666666430e+01,-8.644113494515437424e-03
2.800000000000000000e+01,-7.855463141092755563e-03
2.802083333333333215e+01,-6.816206727972229373e-03
2.804166666666666430e+01,-5.610850102827580344e-03
2.806250000000000000e+01,-4.329873733047495676e-03
2.808333333333333215e+01,-3.010789450165418657e-03
2.810416666666666430e+01,-1.662870608571509479e-03
2.812500000000000000e+01,-3.194522281462219837e-04
2.814583333333333215e+01,9.838769854879636512e-04
2.816666666666666430e+01,2.264033926098196758e-03
2.818750000000000000e+01,3.549133760537337423e-03
2.820833333333333215e+01,4.817608460554012595e-03
2.822916666666666430e+01,6.004571106200007335e-03
2.825000000000000000e+01,7.052145449772506680e-03
2.827083333333333215e+01,7.952731765111131779e-03
2.829166666666666430e+01,8.707843825540795279e-03
2.831250000000000000e+01,9.270602993690424398e-03
2.833333333333333215e+01,9.586108863761655385e-03
2.835416666666666430e+01,9.649733531648330143e-03
2.837500000000000000e+01,9.500189319172402946e-03
2.839583333333333215e+01,9.169230343836876074e-03
2.841666666666666430e+01,8.638539050813243136e-03
2.843750000000000000e+01,7.881635209801007846e-03
2.845833333333333215e+01,6.920806529617351543e-03
2.847916666666666430e+01,5.785821391121270807e-03
2.850000000000000000e+01,4.457612120529752531e-03
2.852083333333333215e+01,2.906118537676860569e-03
2.854166666666666430e+01,1.148510764245713744e-03
2.856250000000000000e+01,-7.461251376552624492e-04
2.858333333333333215e+01,-2.703070698818699213e-03
2.860416666666666430e+01,-4.698710329820166010e-03
2.862500000000000000e+01,-6.721199850591830227e-03
2.864583333333333215e+01,-8.713165327784988534e-03
2.866666666666666430e+01,-1.061305406856272171e-02
2.868750000000000000e+01,-1.241149079049463921e-02
2.870833333333333215e+01,-1.411026616615762563e-02
2.872916666666666430e+01,-1.566538327530508923e-02
2.875000000000000000e+01,-1.702805730093759351e-02
2.877083333333333215e+01,-1.820017165268916770e-02
2.879166666666666430e+01,-1.919382681132209001e-02
2.881250000000000000e+01,-1.997434654376251117e-02
2.883333333333333215e+01,-2.050101590626862702e-02
2.885416666666666430e+01,-2.078250271034898233e-02
2.887500000000000000e+01,-2.083500465711507488e-02
2.889583333333333215e+01,-2.062693095033685253e-02
2.891666666666666430e+01,-2.011850145512861232e-02
2.893750000000000000e+01,-1.931758772888292341e-02
2.895833333333333215e+01,-1.823854580779382673e-02
2.897916666666666430e+01,-1.686286091694677580e-02
2.900000000000000000e+01,-1.518345023995415488e-02
2.902083333333333215e+01,-1.324340557505898630e-02
2.904166666666666430e+01,-1.113670747540096428e-02
2.906250000000000000e+01,-8.961838585106907118e-03
2.908333333333333215e+01,-6.765060803166633718e-03
2.910416666666666430e+01,-4.579480960452908533e-03
2.912500000000000000e+01,-2.460450649392154077e-03
2.914583333333333215e+01,-4.422420208203270420e-04
2.916666666666666430e+01,1.460459955767046125e-03
2.918750000000000000e+01,3.201292289612300834e-03
2.920833333333333215e+01,4.728056971864624813e-03
2.922916666666666430e+01,6.036902552944756195e-03
2.925000000000000000e+01,7.131521359639236834e-03
2.927083333333333215e+01,7.970859082730097356e-03
2.929166666666666430e+01,8.509864404027567275e-03
2.931250000000000000e+01,8.751955319213244877e-03
2.933333333333333215e+01,8.710557106641036995e-03
2.935416666666666430e+01,8.396954878143514378e-03
2.937500000000000000e+01,7.870387649560495191e-03
2.939583333333333215e+01,7.198806941884239308e-03
2.941666666666666430e+01,6.401867142447947856e-03
2.943750000000000000e+01,5.471798583599696286e-03
2.945833333333333215e+01,4.423200261971960146e-03
2.947916666666666430e+01,3.276434734293953710e-03
2.950000000000000000e+01,2.014086252949631728e-03
2.952083333333333215e+01,6.245993007061301228e-04
2.954166666666666430e+01,-8.520004217604792984e-04
2.956250000000000000e+01,-2.341522261691597606e-03
2.958333333333333215e+01,-3.788298097601394687e-03
2.960416666666666430e+01,-5.183179478438493248e-03
2.962500000000000000e+01,-6.520260153891399568e-03
2.964583333333333215e+01,-7.745642480684100661e-03
2.966666666666666430e+01,-8.798797244300438081e-03
2.968750000000000000e+01,-9.666201893507420095e-03
2.970833333333333215e+01,-1.034044584116022847e-02
2.972916666666666430e+01,-1.078770151554842016e-02
2.975000000000000000e+01,-1.099348218464690774e-02
2.977083333333333215e+01,-1.096119701787356959e-02
2.979166666666666430e+01,-1.066525261700812521e-02
2.981250000000000000e+01,-1.007582939459616966e-02
2.983333333333333215e+01,-9.211986112883874256e-03
2.985416666666666430e+01,-8.144679283941691494e-03
2.987500000000000000e+01,-6.948433085147254218e-03
2.989583333333333215e+01,-5.645226860862884166e-03
2.991666666666666430e+01,-4.245768930043247735e-03
2.993750000000000000e+01,-2.806413275985519817e-03
2.995833333333333215e+01,-1.387552099497035840e-03
2.997916666666666430e+01,2.894121096108648317e-06
