0.000000000000000000e+00,0.000000000000000000e+00
2.083333333333333218e-02,1.466674024622806974e+04
4.166666666666666435e-02,1.466674024622806974e+04
6.250000000000000000e-02,1.466674024622806974e+04
8.333333333333332871e-02,1.466674024622806974e+04
1.041666666666666574e-01,1.466674024622806974e+04
1.250000000000000000e-01,1.466674024622806974e+04
1.458333333333333148e-01,1.466674024622806974e+04
1.666666666666666574e-01,1.464273344732995247e+04
1.875000000000000000e-01,1.464273344732995247e+04
2.083333333333333148e-01,1.464273344732995247e+04
2.291666666666666574e-01,1.464273344732995247e+04
2.500000000000000000e-01,1.464273344732995247e+04
2.708333333333333148e-01,1.464273344732995247e+04
2.916666666666666297e-01,1.464273344732995247e+04
3.125000000000000000e-01,1.464273344732995247e+04
3.333333333333333148e-01,1.461945552113042140e+04
3.541666666666666297e-01,1.461945552113042140e+04
3.750000000000000000e-01,1.461945552113042140e+04
3.958333333333333148e-01,1.461945552113042140e+04
4.166666666666666297e-01,1.461945552113042140e+04
4.375000000000000000e-01,1.461945552113042140e+04
4.583333333333333148e-01,1.461945552113042140e+04
4.791666666666666297e-01,1.461945552113042140e+04
5.000000000000000000e-01,1.460018792600094093e+04
5.208333333333332593e-01,1.460018792600094093e+04
5.416666666666666297e-01,1.460018792600094093e+04
5.625000000000000000e-01,1.460018792600094093e+04
5.833333333333332593e-01,1.460018792600094093e+04
6.041666666666666297e-01,1.460018792600094093e+04
6.250000000000000000e-01,1.460018792600094093e+04
6.458333333333332593e-01,1.460018792600094093e+04
6.666666666666666297e-01,1.458412944270291337e+04
6.875000000000000000e-01,1.458412944270291337e+04
7.083333333333332593e-01,1.458412944270291337e+04
7.291666666666666297e-01,1.458412944270291337e+04
7.500000000000000000e-01,1.480591149463990587e+04
7.708333333333332593e-01,1.425650198550711866e+04
7.916666666666666297e-01,1.499466442782195008e+04
8.125000000000000000e-01,1.416199172336545234e+04
8.333333333333332593e-01,1.427911549028335139e+04
8.541666666666666297e-01,1.493169122712652097e+04
8.750000000000000000e-01,1.501609328191651366e+04
8.958333333333332593e-01,1.414141480701984619e+04
9.166666666666666297e-01,1.401959919705264110e+04
9.375000000000000000e-01,1.510043595375843142e+04
9.583333333333332593e-01,1.493748238016600953e+04
9.791666666666666297e-01,1.396009612114866104e+04
1.000000000000000000e+00,1.445868788332410622e+04
1.020833333333333259e+00,1.468609895505910026e+04
1.041666666666666519e+00,1.484393958208746699e+04
1.062500000000000000e+00,1.448327858438170006e+04
1.083333333333333259e+00,1.422515725988035774e+04
1.104166666666666519e+00,1.462163122523354468e+04
1.125000000000000000e+00,1.483277023870321864e+04
1.145833333333333259e+00,1.452826449375918673e+04
1.166666666666666519e+00,1.420106094107665558e+04
1.187500000000000000e+00,1.441751489828015474e+04
1.208333333333333259e+00,1.527782052636865410e+04
1.229166666666666519e+00,1.461909574361683917e+04
1.250000000000000000e+00,1.362017250909813083e+04
1.270833333333333259e+00,1.420036663215806402e+04
1.291666666666666519e+00,1.576101444281158911e+04
1.312500000000000000e+00,1.465807654212974012e+04
1.333333333333333259e+00,1.307087661539494729e+04
1.354166666666666519e+00,1.486738190435954675e+04
1.375000000000000000e+00,1.564250004496816473e+04
1.395833333333333259e+00,1.366887352588570866e+04
1.416666666666666519e+00,1.388171653371888533e+04
1.437500000000000000e+00,1.538727352588570648e+04
1.458333333333333259e+00,1.496881164044569596e+04
1.479166666666666519e+00,1.367885246635311341e+04
1.500000000000000000e+00,1.452218361891288077e+04
1.520833333333333259e+00,1.538138361891288150e+04
1.541666666666666519e+00,1.452218361891288077e+04
1.562500000000000000e+00,1.366298361891288005e+04
1.583333333333333259e+00,1.493195569558368516e+04
1.604166666666666519e+00,1.521960899200876884e+04
1.625000000000000000e+00,1.414754494679419440e+04
1.645833333333333259e+00,1.366298361891288005e+04
1.666666666666666519e+00,1.537590813578129746e+04
1.687500000000000000e+00,1.537590813578129746e+04
1.708333333333333259e+00,1.348427707178515266e+04
1.729166666666666519e+00,1.352213918182931229e+04
1.750000000000000000e+00,1.537590813578129746e+04
1.770833333333333259e+00,1.537590813578129746e+04
1.791666666666666519e+00,1.366914957370365664e+04
1.812500000000000000e+00,1.405034853734248827e+04
1.833333333333333259e+00,1.537187868069735123e+04
1.854166666666666519e+00,1.528480003974924693e+04
1.875000000000000000e+00,1.380922741362972010e+04
1.895833333333333259e+00,1.342046302587969330e+04
1.916666666666666519e+00,1.537187868069735123e+04
1.937500000000000000e+00,1.545741033099749984e+04
1.958333333333333259e+00,1.365347868069735341e+04
1.979166666666666519e+00,1.365347868069735341e+04
2.000000000000000000e+00,1.536875430253642480e+04
2.020833333333333037e+00,1.536875430253642480e+04
2.041666666666666519e+00,1.365035430253642699e+04
2.062500000000000000e+00,1.382205159926646229e+04
2.083333333333333037e+00,1.536875430253642480e+04
2.104166666666666519e+00,1.536875430253642480e+04
2.125000000000000000e+00,1.362889117631211411e+04
2.145833333333333037e+00,1.329169662529421112e+04
2.166666666666666519e+00,1.536654195962449376e+04
2.187500000000000000e+00,1.618950423796299947e+04
2.208333333333333037e+00,1.321412224114354467e+04
2.229166666666666519e+00,1.278894195962449157e+04
2.250000000000000000e+00,1.597610690788952706e+04
2.270833333333333037e+00,1.617541534837312429e+04
2.291666666666666519e+00,1.278894195962449157e+04
2.312500000000000000e+00,1.278894195962449157e+04
2.333333333333333037e+00,1.536525008221333701e+04
2.354166666666666519e+00,1.622445008221333774e+04
2.375000000000000000e+00,1.364685008221333555e+04
2.395833333333333037e+00,1.278765008221333846e+04
2.416666666666666519e+00,1.548767044440914833e+04
2.437500000000000000e+00,1.622445008221333774e+04
2.458333333333333037e+00,1.364685008221333555e+04
2.479166666666666519e+00,1.278765008221333846e+04
2.500000000000000000e+00,1.536444777618599255e+04
2.520833333333333037e+00,1.622364777618599328e+04
2.541666666666666519e+00,1.346574233148449639e+04
2.562500000000000000e+00,1.278684777618599401e+04
2.583333333333333037e+00,1.536444777618599255e+04
2.604166666666666519e+00,1.622364777618599328e+04
2.625000000000000000e+00,1.364604777618599110e+04
2.645833333333333037e+00,1.278684777618599401e+04
2.666666666666666519e+00,1.536430648365127854e+04
2.687500000000000000e+00,1.622350648365127927e+04
2.708333333333333037e+00,1.358430125135120397e+04
2.729166666666666519e+00,1.278670648365128000e+04
2.750000000000000000e+00,1.536430648365127854e+04
2.770833333333333037e+00,1.612687793983072334e+04
2.791666666666666519e+00,1.339100265570593547e+04
2.812500000000000000e+00,1.278670648365128000e+04
2.833333333333333037e+00,1.529630512983682274e+04
2.854166666666666519e+00,1.607686733178741270e+04
2.875000000000000000e+00,1.364617718146904372e+04
2.895833333333333037e+00,1.278697718146904299e+04
2.916666666666666519e+00,1.536457718146904153e+04
2.937500000000000000e+00,1.622377718146904226e+04
2.958333333333333037e+00,1.364617718146904372e+04
2.979166666666666519e+00,1.302471541600444471e+04
3.000000000000000000e+00,1.536396993789394037e+04
3.020833333333333037e+00,1.592790735155675793e+04
3.041666666666666519e+00,1.362351467304416656e+04
3.062500000000000000e+00,1.305893323792361480e+04
3.083333333333333037e+00,1.536396993789394037e+04
3.104166666666666519e+00,1.608422345256459812e+04
3.125000000000000000e+00,1.330572895080149465e+04
3.145833333333333037e+00,1.278636993789394182e+04
3.166666666666666519e+00,1.553061899823734348e+04
3.187500000000000000e+00,1.622157672041741898e+04
3.208333333333333037e+00,1.364397672041741680e+04
3.229166666666666519e+00,1.278477672041741607e+04
3.250000000000000000e+00,1.536237672041741826e+04
3.270833333333333037e+00,1.615090809680655730e+04
3.291666666666666519e+00,1.333027372563633253e+04
3.312500000000000000e+00,1.278477672041741607e+04
3.333333333333333037e+00,1.546148763504722228e+04
3.354166666666666519e+00,1.621847030074936629e+04
3.375000000000000000e+00,1.364087030074936774e+04
3.395833333333333037e+00,1.279139774249569018e+04
3.416666666666666519e+00,1.535927030074936556e+04
3.437500000000000000e+00,1.621847030074936629e+04
3.458333333333333037e+00,1.359673566578419923e+04
3.479166666666666519e+00,1.284444470844883108e+04
3.500000000000000000e+00,1.535463156385167531e+04
3.520833333333333037e+00,1.603120717081956172e+04
3.541666666666666519e+00,1.346716817707803420e+04
3.562500000000000000e+00,1.277703156385167676e+04
3.583333333333333037e+00,1.535463156385167531e+04
3.604166666666666519e+00,1.621383156385167604e+04
3.625000000000000000e+00,1.363623156385167749e+04
3.645833333333333037e+00,1.280575950589346758e+04
3.666666666666666519e+00,1.534817759905292405e+04
3.687500000000000000e+00,1.604851715075585525e+04
3.708333333333333037e+00,1.346719124954795916e+04
3.729166666666666519e+00,1.277057759905292551e+04
3.750000000000000000e+00,1.534817759905292405e+04
3.770833333333333037e+00,1.620737759905292478e+04
3.791666666666666519e+00,1.362977759905292623e+04
3.812500000000000000e+00,1.277057759905292551e+04
3.833333333333333037e+00,1.533991130643365614e+04
3.854166666666666519e+00,1.619911130643365686e+04
3.875000000000000000e+00,1.369091620914149826e+04
3.895833333333333037e+00,1.293533734702199217e+04
3.916666666666666519e+00,1.533991130643365614e+04
3.937500000000000000e+00,1.610581583775342369e+04
3.958333333333333037e+00,1.326069591268916702e+04
3.979166666666666519e+00,1.276231130643365395e+04
4.000000000000000000e+00,1.582270888542910325e+04
4.020833333333333037e+00,1.618896782269471805e+04
4.041666666666666075e+00,1.275216782269471878e+04
4.062500000000000000e+00,1.275216782269471878e+04
4.083333333333333037e+00,1.600136320937072378e+04
4.104166666666666075e+00,1.601935612570925878e+04
4.125000000000000000e+00,1.275216782269471878e+04
4.145833333333333037e+00,1.275216782269471878e+04
4.166666666666666075e+00,1.617691755802877015e+04
4.187500000000000000e+00,1.579733981294881960e+04
4.208333333333333037e+00,1.274011755802877087e+04
4.229166666666666075e+00,1.289293379462483426e+04
4.250000000000000000e+00,1.617691755802877015e+04
4.270833333333333037e+00,1.613196809437829870e+04
4.291666666666666075e+00,1.274011755802877087e+04
4.312500000000000000e+00,1.274011755802877087e+04
4.333333333333333037e+00,1.544405227159016431e+04
4.354166666666666075e+00,1.574922528836228230e+04
4.375000000000000000e+00,1.358730460241447508e+04
4.395833333333333037e+00,1.294505405287115718e+04
4.416666666666666075e+00,1.530570460241447290e+04
4.437500000000000000e+00,1.616490460241447363e+04
4.458333333333333037e+00,1.358730460241447508e+04
4.479166666666666075e+00,1.272810460241447436e+04
4.500000000000000000e+00,1.496268782261563319e+04
4.520833333333333037e+00,1.615414525930513264e+04
4.541666666666666075e+00,1.357654525930513410e+04
4.562500000000000000e+00,1.319164449132598384e+04
4.583333333333333037e+00,1.529494525930513191e+04
4.604166666666666075e+00,1.595846214080648133e+04
4.625000000000000000e+00,1.345637699128060558e+04
4.645833333333333037e+00,1.271734525930513337e+04
4.666666666666666075e+00,1.540330978183655316e+04
4.687500000000000000e+00,1.614459501949534024e+04
4.708333333333333037e+00,1.356699501949534169e+04
4.729166666666666075e+00,1.270779501949534097e+04
4.750000000000000000e+00,1.528539501949533951e+04
4.770833333333333037e+00,1.580277158875585883e+04
4.791666666666666075e+00,1.356699501949534169e+04
4.812500000000000000e+00,1.292902576397883604e+04
4.833333333333333037e+00,1.527627415770865628e+04
4.854166666666666075e+00,1.613547415770865700e+04
4.875000000000000000e+00,1.355787415770865482e+04
4.895833333333333037e+00,1.269867415770865773e+04
4.916666666666666075e+00,1.527627415770865628e+04
4.937500000000000000e+00,1.613547415770865700e+04
4.958333333333333037e+00,1.349080648482528341e+04
4.979166666666666075e+00,1.269867415770865773e+04
5.000000000000000000e+00,1.526722864946608024e+04
5.020833333333333037e+00,1.566230351936770239e+04
5.041666666666666075e+00,1.372471810954391913e+04
5.062500000000000000e+00,1.294638004534715219e+04
5.083333333333333037e+00,1.526722864946608024e+04
5.104166666666666075e+00,1.612642864946608097e+04
5.125000000000000000e+00,1.354882864946607879e+04
5.145833333333333037e+00,1.268962864946607806e+04
5.166666666666666075e+00,1.611858517619366103e+04
5.187500000000000000e+00,1.551758902326823954e+04
5.208333333333333037e+00,1.336835637349703029e+04
5.229166666666666075e+00,1.290815695327691355e+04
5.250000000000000000e+00,1.525938517619366030e+04
5.270833333333333037e+00,1.557792613995437205e+04
5.291666666666666075e+00,1.354098517619366248e+04
5.312500000000000000e+00,1.271632329767896226e+04
5.333333333333333037e+00,1.440110660805973021e+04
5.354166666666666075e+00,1.526030660805973093e+04
5.375000000000000000e+00,1.419082097058418731e+04
5.395833333333333037e+00,1.369692500989448672e+04
5.416666666666666075e+00,1.516539732392055521e+04
5.437500000000000000e+00,1.526030660805973093e+04
5.458333333333333037e+00,1.354190660805972948e+04
5.479166666666666075e+00,1.354190660805972948e+04
5.500000000000000000e+00,1.456617018270222979e+04
5.520833333333333037e+00,1.526382369877948440e+04
5.541666666666666075e+00,1.354542369877948659e+04
5.562500000000000000e+00,1.378948135480753990e+04
5.583333333333333037e+00,1.548436569231886460e+04
5.604166666666666075e+00,1.526382369877948440e+04
5.625000000000000000e+00,1.373851412521995007e+04
5.645833333333333037e+00,1.354542369877948659e+04
5.666666666666666075e+00,1.612339826931479911e+04
5.687500000000000000e+00,1.526419826931479838e+04
5.708333333333333037e+00,1.268659826931479984e+04
5.729166666666666075e+00,1.354579826931480056e+04
5.750000000000000000e+00,1.606346957096013648e+04
5.770833333333333037e+00,1.502107175916338019e+04
5.791666666666666075e+00,1.268659826931479984e+04
5.812500000000000000e+00,1.383180584972474026e+04
5.833333333333333037e+00,1.612465999517894670e+04
5.854166666666666075e+00,1.612465999517894670e+04
5.875000000000000000e+00,1.295808853995644677e+04
5.895833333333333037e+00,1.268785999517894743e+04
5.916666666666666075e+00,1.586405520457655803e+04
5.937500000000000000e+00,1.591419296176994976e+04
5.958333333333333037e+00,1.268785999517894743e+04
5.979166666666666075e+00,1.268785999517894743e+04
6.000000000000000000e+00,1.612431489784190853e+04
6.020833333333333037e+00,1.604053690005706085e+04
6.041666666666666075e+00,1.268751489784190926e+04
6.062500000000000000e+00,1.268751489784190926e+04
6.083333333333333037e+00,1.574860131851055849e+04
6.104166666666666075e+00,1.550921202022567013e+04
6.125000000000000000e+00,1.268751489784190926e+04
6.145833333333333037e+00,1.296910455017813729e+04
6.166666666666666075e+00,1.443453010468232242e+04
6.187500000000000000e+00,1.590520591939680889e+04
6.208333333333333037e+00,1.440811987852684615e+04
6.229166666666666075e+00,1.306571243832181790e+04
6.250000000000000000e+00,1.450575357634654210e+04
6.270833333333333037e+00,1.612651987852684761e+04
6.291666666666666075e+00,1.439091585343363477e+04
6.312500000000000000e+00,1.268971987852684833e+04
6.333333333333333037e+00,1.441136797334173389e+04
6.354166666666666075e+00,1.527056797334173461e+04
6.375000000000000000e+00,1.441136797334173389e+04
6.395833333333333037e+00,1.355216797334173316e+04
6.416666666666666075e+00,1.487860940117880818e+04
6.437500000000000000e+00,1.527056797334173461e+04
6.458333333333333037e+00,1.441136797334173389e+04
6.479166666666666075e+00,1.372284148357468803e+04
6.500000000000000000e+00,1.527166273312781050e+04
6.520833333333333037e+00,1.527166273312781050e+04
6.541666666666666075e+00,1.355326273312781268e+04
6.562500000000000000e+00,1.355326273312781268e+04
6.583333333333333037e+00,1.527166273312781050e+04
6.604166666666666075e+00,1.503997351518336291e+04
6.625000000000000000e+00,1.355326273312781268e+04
6.645833333333333037e+00,1.369078249676821724e+04
6.666666666666666075e+00,1.613177733643036845e+04
6.687500000000000000e+00,1.527257733643036772e+04
6.708333333333333037e+00,1.269497733643036918e+04
6.729166666666666075e+00,1.274769952657611066e+04
6.750000000000000000e+00,1.613177733643036845e+04
6.770833333333333037e+00,1.613177733643036845e+04
6.791666666666666075e+00,1.269497733643036918e+04
6.812500000000000000e+00,1.269497733643036918e+04
6.833333333333333037e+00,1.527308397176591825e+04
6.854166666666666075e+00,1.589104125141042459e+04
6.875000000000000000e+00,1.355468397176592043e+04
6.895833333333333037e+00,1.269548397176591970e+04
6.916666666666666075e+00,1.529582382260332452e+04
6.937500000000000000e+00,1.613228397176591898e+04
6.958333333333333037e+00,1.355468397176592043e+04
6.979166666666666075e+00,1.274140387035932508e+04
7.000000000000000000e+00,1.504265499201306739e+04
7.020833333333333037e+00,1.590911449393809016e+04
7.041666666666666075e+00,1.351895493365133007e+04
7.062500000000000000e+00,1.283729577145165968e+04
7.083333333333333037e+00,1.527500754220994349e+04
7.104166666666666075e+00,1.613420754220994422e+04
7.125000000000000000e+00,1.355660754220994568e+04
7.145833333333333037e+00,1.269740754220994495e+04
7.166666666666666075e+00,1.527690082272119253e+04
7.187500000000000000e+00,1.613610082272119325e+04
7.208333333333333037e+00,1.355850082272119107e+04
7.229166666666666075e+00,1.269930082272119398e+04
7.250000000000000000e+00,1.527690082272119253e+04
7.270833333333333037e+00,1.613610082272119325e+04
7.291666666666666075e+00,1.353549660827423213e+04
7.312500000000000000e+00,1.269930082272119398e+04
7.333333333333333037e+00,1.527819876306966398e+04
7.354166666666666075e+00,1.613739876306966471e+04
7.375000000000000000e+00,1.355979876306966253e+04
7.395833333333333037e+00,1.291298626827548287e+04
7.416666666666666075e+00,1.527819876306966398e+04
7.437500000000000000e+00,1.608448688957100239e+04
7.458333333333333037e+00,1.319818515620529797e+04
7.479166666666666075e+00,1.270059876306966544e+04
7.500000000000000000e+00,1.557555495761171187e+04
7.520833333333333037e+00,1.594683587154025372e+04
7.541666666666666075e+00,1.309658767134863956e+04
7.562500000000000000e+00,1.270215176976007933e+04
7.583333333333333037e+00,1.593330822681744394e+04
7.604166666666666075e+00,1.587873666626978229e+04
7.625000000000000000e+00,1.270215176976007933e+04
7.645833333333333037e+00,1.270215176976007933e+04
7.666666666666666075e+00,1.614150145777858415e+04
7.687500000000000000e+00,1.567053218901810033e+04
7.708333333333333037e+00,1.270470145777858488e+04
7.729166666666666075e+00,1.316921980191053080e+04
7.750000000000000000e+00,1.614150145777858415e+04
7.770833333333333037e+00,1.528230145777858343e+04
7.791666666666666075e+00,1.270470145777858488e+04
7.812500000000000000e+00,1.356390145777858561e+04
7.833333333333333037e+00,1.589663943759795802e+04
7.854166666666666075e+00,1.523798022497380225e+04
7.875000000000000000e+00,1.274147691646697785e+04
7.895833333333333037e+00,1.356703059881937952e+04
7.916666666666666075e+00,1.614463059881938170e+04
7.937500000000000000e+00,1.528543059881938098e+04
7.958333333333333037e+00,1.270783059881937879e+04
7.979166666666666075e+00,1.356703059881937952e+04
8.000000000000000000e+00,1.614720670453154889e+04
8.020833333333332149e+00,1.528800670453154817e+04
8.041666666666666075e+00,1.273668432653613127e+04
8.062500000000000000e+00,1.382432443824843358e+04
8.083333333333332149e+00,1.614720670453154889e+04
8.104166666666666075e+00,1.514431963509466004e+04
8.125000000000000000e+00,1.271040670453154962e+04
8.145833333333332149e+00,1.340754897624349906e+04
8.166666666666666075e+00,1.614953782716201749e+04
8.187500000000000000e+00,1.529033782716201677e+04
8.208333333333332149e+00,1.295840299685815990e+04
8.229166666666666075e+00,1.357193782716201895e+04
8.250000000000000000e+00,1.614663491062654066e+04
8.270833333333332149e+00,1.520062038749763451e+04
8.291666666666666075e+00,1.271273782716201822e+04
8.312500000000000000e+00,1.334485743102381457e+04
8.333333333333332149e+00,1.576452522414894702e+04
8.354166666666666075e+00,1.529314521135868927e+04
8.375000000000000000e+00,1.357474521135868781e+04
8.395833333333332149e+00,1.336383162691996768e+04
8.416666666666666075e+00,1.529314521135868927e+04
8.437500000000000000e+00,1.529314521135868927e+04
8.458333333333332149e+00,1.357474521135868781e+04
8.479166666666666075e+00,1.364698538556791391e+04
8.500000000000000000e+00,1.465952653153128631e+04
8.520833333333332149e+00,1.529765784940859521e+04
8.541666666666666075e+00,1.443845784940859448e+04
8.562500000000000000e+00,1.357925784940859376e+04
8.583333333333332149e+00,1.475863387734946446e+04
8.604166666666666075e+00,1.529765784940859521e+04
8.625000000000000000e+00,1.443845784940859448e+04
8.645833333333332149e+00,1.357925784940859376e+04
8.666666666666666075e+00,1.444220930590854914e+04
8.687500000000000000e+00,1.530140930590854623e+04
8.708333333333332149e+00,1.444220930590854914e+04
8.729166666666666075e+00,1.358300930590854841e+04
8.750000000000000000e+00,1.444220930590854914e+04
8.770833333333332149e+00,1.530140930590854623e+04
8.791666666666666075e+00,1.444220930590854914e+04
8.812500000000000000e+00,1.378384918406003271e+04
8.833333333333332149e+00,1.562961813029524637e+04
8.854166666666666075e+00,1.456877852267607159e+04
8.875000000000000000e+00,1.359357983931311537e+04
8.895833333333332149e+00,1.414407305039808489e+04
8.916666666666666075e+00,1.530415261242186898e+04
8.937500000000000000e+00,1.474246990051658941e+04
8.958333333333332149e+00,1.358575261242186752e+04
8.979166666666666075e+00,1.412929151488606658e+04
9.000000000000000000e+00,1.530611062527042668e+04
9.020833333333332149e+00,1.484261321141787266e+04
9.041666666666666075e+00,1.358771062527042886e+04
9.062500000000000000e+00,1.443436531933078004e+04
9.083333333333332149e+00,1.507743860820979899e+04
9.104166666666666075e+00,1.444691062527042595e+04
9.125000000000000000e+00,1.358771062527042886e+04
9.145833333333332149e+00,1.444691062527042595e+04
9.166666666666666075e+00,1.530724998589156894e+04
9.187500000000000000e+00,1.444804998589156821e+04
9.208333333333332149e+00,1.358884998589156748e+04
9.229166666666666075e+00,1.432756920076716051e+04
9.250000000000000000e+00,1.530724998589156894e+04
9.270833333333332149e+00,1.460205011015458513e+04
9.291666666666666075e+00,1.368699757620283708e+04
9.312500000000000000e+00,1.444804998589156821e+04
9.333333333333332149e+00,1.457408011114981855e+04
9.354166666666666075e+00,1.481667457475568517e+04
9.375000000000000000e+00,1.444843489750722438e+04
9.395833333333332149e+00,1.410646471232642944e+04
9.416666666666666075e+00,1.444843489750722438e+04
9.437500000000000000e+00,1.524685935800796869e+04
9.458333333333332149e+00,1.439526445513311046e+04
9.479166666666666075e+00,1.358923489750722365e+04
9.500000000000000000e+00,1.470261543150997022e+04
9.520833333333332149e+00,1.530732558289886947e+04
9.541666666666666075e+00,1.444812558289886874e+04
9.562500000000000000e+00,1.358892558289887165e+04
9.583333333333332149e+00,1.480582193311537776e+04
9.604166666666666075e+00,1.530732558289886947e+04
9.625000000000000000e+00,1.435553570190546088e+04
9.645833333333332149e+00,1.358892558289887165e+04
9.666666666666666075e+00,1.519154631127320681e+04
9.687500000000000000e+00,1.530707741906070441e+04
9.708333333333332149e+00,1.355580358315541889e+04
9.729166666666666075e+00,1.358867741906070660e+04
9.750000000000000000e+00,1.530707741906070441e+04
9.770833333333332149e+00,1.518178548719404353e+04
9.791666666666666075e+00,1.358867741906070660e+04
9.812500000000000000e+00,1.374427493237241288e+04
9.833333333333332149e+00,1.530624693746987396e+04
9.854166666666666075e+00,1.530624693746987396e+04
9.875000000000000000e+00,1.336642921364913491e+04
9.895833333333332149e+00,1.386087348123042466e+04
9.916666666666666075e+00,1.530624693746987396e+04
9.937500000000000000e+00,1.498305063520765543e+04
9.958333333333332149e+00,1.358784693746987614e+04
9.979166666666666075e+00,1.396194741488307045e+04
1.000000000000000000e+01,1.530441652041558336e+04
1.002083333333333215e+01,1.486306146971231647e+04
1.004166666666666607e+01,1.272681652041558118e+04
1.006250000000000000e+01,1.433627676769329628e+04
1.008333333333333215e+01,1.609629887095135928e+04
1.010416666666666607e+01,1.462511630103537027e+04
1.012500000000000000e+01,1.294113927476061508e+04
1.014583333333333215e+01,1.444521652041558264e+04
1.016666666666666607e+01,1.444157597910478580e+04
1.018750000000000000e+01,1.504634523547876961e+04
1.020833333333333215e+01,1.444157597910478580e+04
1.022916666666666607e+01,1.360726555761754935e+04
1.025000000000000000e+01,1.531435009819013794e+04
1.027083333333333215e+01,1.530077597910478653e+04
1.029166666666666607e+01,1.399640271880459477e+04
1.031250000000000000e+01,1.358237597910478507e+04
1.033333333333333215e+01,1.488632879925124143e+04
1.035416666666666607e+01,1.529799211556243972e+04
1.037500000000000000e+01,1.403321092920124283e+04
1.039583333333333215e+01,1.358073652248762664e+04
1.041666666666666607e+01,1.488882142903759086e+04
1.043750000000000000e+01,1.535701683302811944e+04
1.045833333333333215e+01,1.443879211556243899e+04
1.047916666666666607e+01,1.357959211556243827e+04
1.050000000000000000e+01,1.567608572266124975e+04
1.052083333333333215e+01,1.529694051011664124e+04
1.054166666666666607e+01,1.278438854716527931e+04
1.056250000000000000e+01,1.291905457957673570e+04
1.058333333333333215e+01,1.615614051011664196e+04
1.060416666666666607e+01,1.604401306611097243e+04
1.062500000000000000e+01,1.271934051011663905e+04
1.064583333333333215e+01,1.271934051011663905e+04
1.066666666666666607e+01,1.553669431103286843e+04
1.068750000000000000e+01,1.605073240770725533e+04
1.070833333333333215e+01,1.327931012704506065e+04
1.072916666666666607e+01,1.271670919351618431e+04
1.075000000000000000e+01,1.529624082663702575e+04
1.077083333333333215e+01,1.614803965122293812e+04
1.079166666666666607e+01,1.357590919351618140e+04
1.081250000000000000e+01,1.271670919351618431e+04
1.083333333333333215e+01,1.460561673121259810e+04
1.085416666666666607e+01,1.550628547208363307e+04
1.087500000000000000e+01,1.443199798675968486e+04
1.089583333333333215e+01,1.357279798675968777e+04
1.091666666666666607e+01,1.443199798675968486e+04
1.093750000000000000e+01,1.529119798675968559e+04
1.095833333333333215e+01,1.443199798675968486e+04
1.097916666666666607e+01,1.388617811332644123e+04
1.100000000000000000e+01,1.442927868976925674e+04
1.102083333333333215e+01,1.531817343207135127e+04
1.104166666666666607e+01,1.442927868976925674e+04
1.106250000000000000e+01,1.344405184276843647e+04
1.108333333333333215e+01,1.468057332857038273e+04
1.110416666666666607e+01,1.528847868976925747e+04
1.112500000000000000e+01,1.442927868976925674e+04
1.114583333333333215e+01,1.357007868976925602e+04
1.116666666666666607e+01,1.528741383089617739e+04
1.118750000000000000e+01,1.528741383089617739e+04
1.120833333333333215e+01,1.356901383089617957e+04
1.122916666666666607e+01,1.363196570654568495e+04
1.125000000000000000e+01,1.496318359335096102e+04
1.127083333333333215e+01,1.528741383089617739e+04
1.129166666666666607e+01,1.368385611618730036e+04
1.131250000000000000e+01,1.357240065942969886e+04
1.133333333333333215e+01,1.614531570471487794e+04
1.135416666666666607e+01,1.517128127475539077e+04
1.137500000000000000e+01,1.270851570471487503e+04
1.139583333333333215e+01,1.362374161505255688e+04
1.141666666666666607e+01,1.614531570471487794e+04
1.143750000000000000e+01,1.508056829563286010e+04
1.145833333333333215e+01,1.270851570471487503e+04
1.147916666666666607e+01,1.337440906682255445e+04
1.150000000000000000e+01,1.528423539961433562e+04
1.152083333333333215e+01,1.590499026330492779e+04
1.154166666666666607e+01,1.356583539961433416e+04
1.156250000000000000e+01,1.270663539961433344e+04
1.158333333333333215e+01,1.528423539961433562e+04
1.160416666666666607e+01,1.614343539961433635e+04
1.162500000000000000e+01,1.356583539961433416e+04
1.164583333333333215e+01,1.270663539961433344e+04
1.166666666666666607e+01,1.528236217776212288e+04
1.168750000000000000e+01,1.522527362237633497e+04
1.170833333333333215e+01,1.356396217776212507e+04
1.172916666666666607e+01,1.356396217776212507e+04
1.175000000000000000e+01,1.528236217776212288e+04
1.177083333333333215e+01,1.528236217776212288e+04
1.179166666666666607e+01,1.356396217776212507e+04
1.181250000000000000e+01,1.401755433293966053e+04
1.183333333333333215e+01,1.528092593575260253e+04
1.185416666666666607e+01,1.442172593575260180e+04
1.187500000000000000e+01,1.408416495180153652e+04
1.189583333333333215e+01,1.458653329383934397e+04
1.191666666666666607e+01,1.450082550754232216e+04
1.193750000000000000e+01,1.520323266636121116e+04
1.195833333333333215e+01,1.442172593575260180e+04
1.197916666666666607e+01,1.350240166775846956e+04
1.200000000000000000e+01,1.553898440835816655e+04
1.202083333333333215e+01,1.516401403694583132e+04
1.204166666666666607e+01,1.288631457998590486e+04
1.206250000000000000e+01,1.360133152105195040e+04
1.208333333333333215e+01,1.614089924327238259e+04
1.210416666666666607e+01,1.528169924327238186e+04
1.212500000000000000e+01,1.270409924327238332e+04
1.214583333333333215e+01,1.315613516702262859e+04
1.216666666666666607e+01,1.614059210018880185e+04
1.218750000000000000e+01,1.577642148859941517e+04
1.220833333333333215e+01,1.270379210018880258e+04
1.222916666666666607e+01,1.270379210018880258e+04
1.225000000000000000e+01,1.614059210018880185e+04
1.227083333333333215e+01,1.585356474178897042e+04
1.229166666666666607e+01,1.270379210018880258e+04
1.231250000000000000e+01,1.270379210018880258e+04
1.233333333333333215e+01,1.528092067761513681e+04
1.235416666666666607e+01,1.587258058880585304e+04
1.237500000000000000e+01,1.333478812587979701e+04
1.239583333333333215e+01,1.274811707993242453e+04
1.241666666666666607e+01,1.528092067761513681e+04
1.243750000000000000e+01,1.614012067761513754e+04
1.245833333333333215e+01,1.356252067761513536e+04
1.247916666666666607e+01,1.285925791011207548e+04
1.250000000000000000e+01,1.528059881271799532e+04
1.252083333333333215e+01,1.543882659066816268e+04
1.254166666666666607e+01,1.356219881271799386e+04
1.256250000000000000e+01,1.348442621928955123e+04
1.258333333333333215e+01,1.528059881271799532e+04
1.260416666666666607e+01,1.557234888802585920e+04
1.262500000000000000e+01,1.356219881271799386e+04
1.264583333333333215e+01,1.345244121749535043e+04
1.266666666666666607e+01,1.529302152059551372e+04
1.268750000000000000e+01,1.588293864605509589e+04
1.270833333333333215e+01,1.383565535032103799e+04
1.272916666666666607e+01,1.270326067484029409e+04
1.275000000000000000e+01,1.506110049352262649e+04
1.277083333333333215e+01,1.614006067484029700e+04
1.279166666666666607e+01,1.358186961607406920e+04
1.281250000000000000e+01,1.296077408452167219e+04
1.283333333333333215e+01,1.612022382644917161e+04
1.285416666666666607e+01,1.550732571239794925e+04
1.287500000000000000e+01,1.270459674134121451e+04
1.289583333333333215e+01,1.354640407761740062e+04
1.291666666666666607e+01,1.558233286723622587e+04
1.293750000000000000e+01,1.526546572392758389e+04
1.295833333333333215e+01,1.346572946639324800e+04
1.297916666666666607e+01,1.317542287121986010e+04
1.300000000000000000e+01,1.528190689529220253e+04
1.302083333333333215e+01,1.553121100827208284e+04
1.304166666666666607e+01,1.356350689529220108e+04
1.306250000000000000e+01,1.282884580062456371e+04
1.308333333333333215e+01,1.528190689529220253e+04
1.310416666666666607e+01,1.614110689529220326e+04
1.312500000000000000e+01,1.356350689529220108e+04
1.314583333333333215e+01,1.270430689529220035e+04
1.316666666666666607e+01,1.527602636773231643e+04
1.318750000000000000e+01,1.508368265791751401e+04
1.320833333333333215e+01,1.356337646436096838e+04
1.322916666666666607e+01,1.382520499177392412e+04
1.325000000000000000e+01,1.528177646436096620e+04
1.327083333333333215e+01,1.528177646436096620e+04
1.329166666666666607e+01,1.356337646436096838e+04
1.331250000000000000e+01,1.356337646436096838e+04
1.333333333333333215e+01,1.528144782171902261e+04
1.335416666666666607e+01,1.528144782171902261e+04
1.337500000000000000e+01,1.297506592045208890e+04
1.339583333333333215e+01,1.371964677423165631e+04
1.341666666666666607e+01,1.614064782171902334e+04
1.343750000000000000e+01,1.531198553071456263e+04
1.345833333333333215e+01,1.287197461548575666e+04
1.347916666666666607e+01,1.356304782171902480e+04
1.350000000000000000e+01,1.614180120608119978e+04
1.352083333333333215e+01,1.528260120608119905e+04
1.354166666666666607e+01,1.356420120608119760e+04
1.356250000000000000e+01,1.356420120608119760e+04
1.358333333333333215e+01,1.528260120608119905e+04
1.360416666666666607e+01,1.473379906245755410e+04
1.362500000000000000e+01,1.365709325979353889e+04
1.364583333333333215e+01,1.415727734711117955e+04
1.366666666666666607e+01,1.525324728258998584e+04
1.368750000000000000e+01,1.547403481503267903e+04
1.370833333333333215e+01,1.353484728258998439e+04
1.372916666666666607e+01,1.332978005615168149e+04
1.375000000000000000e+01,1.525324728258998584e+04
1.377083333333333215e+01,1.525324728258998584e+04
1.379166666666666607e+01,1.353484728258998439e+04
1.381250000000000000e+01,1.338404733645830129e+04
1.383333333333333215e+01,1.525849496359666955e+04
1.385416666666666607e+01,1.525849496359666955e+04
1.387500000000000000e+01,1.305285380034050831e+04
1.389583333333333215e+01,1.354009496359666809e+04
1.391666666666666607e+01,1.564601463018811410e+04
1.393750000000000000e+01,1.525849496359666955e+04
1.395833333333333215e+01,1.335194278134132765e+04
1.397916666666666607e+01,1.371744639960891072e+04
1.400000000000000000e+01,1.519736234746882110e+04
1.402083333333333215e+01,1.516631736552705479e+04
1.404166666666666607e+01,1.286282579680768686e+04
1.406250000000000000e+01,1.354475200402534392e+04
1.408333333333333215e+01,1.612235200402534610e+04
1.410416666666666607e+01,1.526315200402534538e+04
1.412500000000000000e+01,1.268555200402534683e+04
1.414583333333333215e+01,1.357208790061183390e+04
1.416666666666666607e+01,1.527220153647700863e+04
1.418750000000000000e+01,1.514933568230120363e+04
1.420833333333333215e+01,1.365631733516841996e+04
1.422916666666666607e+01,1.398300110351467811e+04
1.425000000000000000e+01,1.526724136405671743e+04
1.427083333333333215e+01,1.526724136405671743e+04
1.429166666666666607e+01,1.347058664620237323e+04
1.431250000000000000e+01,1.354884136405671597e+04
1.433333333333333215e+01,1.532044025778752621e+04
1.435416666666666607e+01,1.613055960503378083e+04
1.437500000000000000e+01,1.355295960503377864e+04
1.439583333333333215e+01,1.290349297229816148e+04
1.441666666666666607e+01,1.527135960503378010e+04
1.443750000000000000e+01,1.604914785080195725e+04
1.445833333333333215e+01,1.355295960503377864e+04
1.447916666666666607e+01,1.269375960503377792e+04
1.450000000000000000e+01,1.577485478872627209e+04
1.452083333333333215e+01,1.612921181624461315e+04
1.454166666666666607e+01,1.269710413331374002e+04
1.456250000000000000e+01,1.269710413331374002e+04
1.458333333333333215e+01,1.553266272708015094e+04
1.460416666666666607e+01,1.572460961563116507e+04
1.462500000000000000e+01,1.318501341627031070e+04
1.464583333333333215e+01,1.277148435244063876e+04
1.466666666666666607e+01,1.527723475098348354e+04
1.468750000000000000e+01,1.613643475098348426e+04
1.470833333333333215e+01,1.355883475098348572e+04
1.472916666666666607e+01,1.269963475098348499e+04
1.475000000000000000e+01,1.527723475098348354e+04
1.477083333333333215e+01,1.613643475098348426e+04
1.479166666666666607e+01,1.317278462708157531e+04
1.481250000000000000e+01,1.269963475098348499e+04
1.483333333333333215e+01,1.527932285822159247e+04
1.485416666666666607e+01,1.578560253249349989e+04
1.487500000000000000e+01,1.356092285822159465e+04
1.489583333333333215e+01,1.270172285822159392e+04
1.491666666666666607e+01,1.555263440765115229e+04
1.493750000000000000e+01,1.613852285822159320e+04
1.495833333333333215e+01,1.349969321312051397e+04
1.497916666666666607e+01,1.270172285822159392e+04
1.500000000000000000e+01,1.521083982372805986e+04
1.502083333333333215e+01,1.600125195930126574e+04
1.504166666666666607e+01,1.356201394142292338e+04
1.506250000000000000e+01,1.270281394142292629e+04
1.508333333333333215e+01,1.528041394142292484e+04
1.510416666666666607e+01,1.613961394142292556e+04
1.512500000000000000e+01,1.339832201863939554e+04
1.514583333333333215e+01,1.293740140566110495e+04
1.516666666666666607e+01,1.530276793823464322e+04
1.518750000000000000e+01,1.614078907916758180e+04
1.520833333333333215e+01,1.356318907916758326e+04
1.522916666666666607e+01,1.270398907916758253e+04
1.525000000000000000e+01,1.528158907916758108e+04
1.527083333333333215e+01,1.614078907916758180e+04
1.529166666666666607e+01,1.356318907916758326e+04
1.531250000000000000e+01,1.270398907916758253e+04
1.533333333333333215e+01,1.614203337700241900e+04
1.535416666666666607e+01,1.553189901320389981e+04
1.537500000000000000e+01,1.270523337700241973e+04
1.539583333333333215e+01,1.350774099693836979e+04
1.541666666666666607e+01,1.562822611581097590e+04
1.543750000000000000e+01,1.528283337700241827e+04
1.545833333333333215e+01,1.338839304510351940e+04
1.547916666666666607e+01,1.331253558881272329e+04
1.550000000000000000e+01,1.528317892019151623e+04
1.552083333333333215e+01,1.552828133793641246e+04
1.554166666666666607e+01,1.356477892019151841e+04
1.556250000000000000e+01,1.314699249110454912e+04
1.558333333333333215e+01,1.528317892019151623e+04
1.560416666666666607e+01,1.559253914536243974e+04
1.562500000000000000e+01,1.361278943761816481e+04
1.564583333333333215e+01,1.327359021828879122e+04
1.566666666666666607e+01,1.528389991466590800e+04
1.568750000000000000e+01,1.498993331346324703e+04
1.570833333333333215e+01,1.356549991466590654e+04
1.572916666666666607e+01,1.412690888779091983e+04
1.575000000000000000e+01,1.528389991466590800e+04
1.577083333333333215e+01,1.453603885073467609e+04
1.579166666666666607e+01,1.390687689762645823e+04
1.581250000000000000e+01,1.442469991466590727e+04
1.583333333333333215e+01,1.489875391728008253e+04
1.585416666666666607e+01,1.442490552444156856e+04
1.587500000000000000e+01,1.431029523259167036e+04
1.589583333333333215e+01,1.439821952425854397e+04
1.591666666666666607e+01,1.449176051277462102e+04
1.593750000000000000e+01,1.482201748676529678e+04
1.595833333333333215e+01,1.442490552444156856e+04
1.597916666666666607e+01,1.400535675828786043e+04
1.600000000000000000e+01,1.528441892003614339e+04
1.602083333333333215e+01,1.442521892003614266e+04
1.604166666666666430e+01,1.356724367701397205e+04
1.606250000000000000e+01,1.442521892003614266e+04
1.608333333333333215e+01,1.528441892003614339e+04
1.610416666666666430e+01,1.445385409032081589e+04
1.612500000000000000e+01,1.388774716194528446e+04
1.614583333333333215e+01,1.442521892003614266e+04
1.616666666666666430e+01,1.528436593682489911e+04
1.618750000000000000e+01,1.442516593682489838e+04
1.620833333333333215e+01,1.372059200989768942e+04
1.622916666666666430e+01,1.442516593682489838e+04
1.625000000000000000e+01,1.528436593682489911e+04
1.627083333333333215e+01,1.450663717944083328e+04
1.629166666666666430e+01,1.356596593682490129e+04
1.631250000000000000e+01,1.442516593682489838e+04
1.633333333333333215e+01,1.494352235725685023e+04
1.635416666666666430e+01,1.459467654255001253e+04
1.637500000000000000e+01,1.411493825886773993e+04
1.639583333333333215e+01,1.436669006036995415e+04
1.641666666666666430e+01,1.442474699279619745e+04
1.643750000000000000e+01,1.463834325959204944e+04
1.645833333333333215e+01,1.442474699279619745e+04
1.647916666666666430e+01,1.442474699279619745e+04
1.650000000000000000e+01,1.442510244687902377e+04
1.652083333333333215e+01,1.434186735307719209e+04
1.654166666666666430e+01,1.356590244687902668e+04
1.656250000000000000e+01,1.442510244687902377e+04
1.658333333333333215e+01,1.528430244687902450e+04
1.660416666666666430e+01,1.528430244687902450e+04
1.662500000000000000e+01,1.356590244687902668e+04
1.664583333333333215e+01,1.356590244687902668e+04
1.666666666666666430e+01,1.528380007895210292e+04
1.668750000000000000e+01,1.528380007895210292e+04
1.670833333333333215e+01,1.278754844513446005e+04
1.672916666666666430e+01,1.356540007895210510e+04
1.675000000000000000e+01,1.614300007895210365e+04
1.677083333333333215e+01,1.528380007895210292e+04
1.679166666666666430e+01,1.270620007895210438e+04
1.681250000000000000e+01,1.364155011713852218e+04
1.683333333333333215e+01,1.571991454447452634e+04
1.685416666666666430e+01,1.528338485480410964e+04
1.687500000000000000e+01,1.398577856943506049e+04
1.689583333333333215e+01,1.363490800104739537e+04
1.691666666666666430e+01,1.450284489584811308e+04
1.693750000000000000e+01,1.557426058591250694e+04
1.695833333333333215e+01,1.442418485480410891e+04
1.697916666666666430e+01,1.324146504899318825e+04
1.700000000000000000e+01,1.538577770310318738e+04
1.702083333333333215e+01,1.590035216140379271e+04
1.704166666666666430e+01,1.323355338811457477e+04
1.706250000000000000e+01,1.270622127664207437e+04
1.708333333333333215e+01,1.521873064124948360e+04
1.710416666666666430e+01,1.614302127664207364e+04
1.712500000000000000e+01,1.316963593390032474e+04
1.714583333333333215e+01,1.270622127664207437e+04
1.716666666666666430e+01,1.528334425125432608e+04
1.718750000000000000e+01,1.614254425125432681e+04
1.720833333333333215e+01,1.420568486194704019e+04
1.722916666666666430e+01,1.270574425125432390e+04
1.725000000000000000e+01,1.442414425125432535e+04
1.727083333333333215e+01,1.614254425125432681e+04
1.729166666666666430e+01,1.442414425125432535e+04
1.731250000000000000e+01,1.270574425125432390e+04
1.733333333333333215e+01,1.442363190149942602e+04
1.735416666666666430e+01,1.528283190149942675e+04
1.737500000000000000e+01,1.442363190149942602e+04
1.739583333333333215e+01,1.356443190149942529e+04
1.741666666666666430e+01,1.442363190149942602e+04
1.743750000000000000e+01,1.550519220166622108e+04
1.745833333333333215e+01,1.442363190149942602e+04
1.747916666666666430e+01,1.356443190149942529e+04
1.750000000000000000e+01,1.442269697080074548e+04
1.752083333333333215e+01,1.518476132370450796e+04
1.754166666666666430e+01,1.435686923207466316e+04
1.756250000000000000e+01,1.352192119161062510e+04
1.758333333333333215e+01,1.442269697080074548e+04
1.760416666666666430e+01,1.528189697080074620e+04
1.762500000000000000e+01,1.442269697080074548e+04
1.764583333333333215e+01,1.368911088649433077e+04
1.766666666666666430e+01,1.451802378519488775e+04
1.768750000000000000e+01,1.550608492379105519e+04
1.770833333333333215e+01,1.442148356244586466e+04
1.772916666666666430e+01,1.340493859460772728e+04
1.775000000000000000e+01,1.444948980170411960e+04
1.777083333333333215e+01,1.528068356244586539e+04
1.779166666666666430e+01,1.442148356244586466e+04
1.781250000000000000e+01,1.378578631005375428e+04
1.783333333333333215e+01,1.605092804943647934e+04
1.785416666666666430e+01,1.454187631895240702e+04
1.787500000000000000e+01,1.288968812512270597e+04
1.789583333333333215e+01,1.436842009064146987e+04
1.791666666666666430e+01,1.557086294997750156e+04
1.793750000000000000e+01,1.442095465231664639e+04
1.795833333333333215e+01,1.330835627335706522e+04
1.797916666666666430e+01,1.439072611142161259e+04
1.800000000000000000e+01,1.527879954890795125e+04
1.802083333333333215e+01,1.485170641536001131e+04
1.804166666666666430e+01,1.356039954890795343e+04
1.806250000000000000e+01,1.362108824657419245e+04
1.808333333333333215e+01,1.527879954890795125e+04
1.810416666666666430e+01,1.527879954890795125e+04
1.812500000000000000e+01,1.356039954890795343e+04
1.814583333333333215e+01,1.370867375633502161e+04
1.816666666666666430e+01,1.527790489365872418e+04
1.818750000000000000e+01,1.527790489365872418e+04
1.820833333333333215e+01,1.319153923298466543e+04
1.822916666666666430e+01,1.355950489365872272e+04
1.825000000000000000e+01,1.531399685573287570e+04
1.827083333333333215e+01,1.547987835017041289e+04
1.829166666666666430e+01,1.355950489365872272e+04
1.831250000000000000e+01,1.347335703999649922e+04
1.833333333333333215e+01,1.527681488496052407e+04
1.835416666666666430e+01,1.496657260622931062e+04
1.837500000000000000e+01,1.355841488496052625e+04
1.839583333333333215e+01,1.397030866870128011e+04
1.841666666666666430e+01,1.527681488496052407e+04
1.843750000000000000e+01,1.455521127258223351e+04
1.845833333333333215e+01,1.365601189809955758e+04
1.847916666666666430e+01,1.441761488496052334e+04
1.850000000000000000e+01,1.527524862022319576e+04
1.852083333333333215e+01,1.456564254113636343e+04
1.854166666666666430e+01,1.355684862022319794e+04
1.856250000000000000e+01,1.441604862022319503e+04
1.858333333333333215e+01,1.527524862022319576e+04
1.860416666666666430e+01,1.447400697521016991e+04
1.862500000000000000e+01,1.382646805447258157e+04
1.864583333333333215e+01,1.441604862022319503e+04
1.866666666666666430e+01,1.613380212264772854e+04
1.868750000000000000e+01,1.441540212264772708e+04
1.870833333333333215e+01,1.269700212264772563e+04
1.872916666666666430e+01,1.441540212264772708e+04
1.875000000000000000e+01,1.613380212264772854e+04
1.877083333333333215e+01,1.441540212264772708e+04
1.879166666666666430e+01,1.269700212264772563e+04
1.881250000000000000e+01,1.420791555581652938e+04
1.883333333333333215e+01,1.613205682102907303e+04
1.885416666666666430e+01,1.441365682102907158e+04
1.887500000000000000e+01,1.269525682102907376e+04
1.889583333333333215e+01,1.441365682102907158e+04
1.891666666666666430e+01,1.613205682102907303e+04
1.893750000000000000e+01,1.423257109079572183e+04
1.895833333333333215e+01,1.269525682102907376e+04
1.897916666666666430e+01,1.441365682102907158e+04
1.900000000000000000e+01,1.590138364588808690e+04
1.902083333333333215e+01,1.441191390081799545e+04
1.904166666666666430e+01,1.269351390081799400e+04
1.906250000000000000e+01,1.441191390081799545e+04
1.908333333333333215e+01,1.604848279571033709e+04
1.910416666666666430e+01,1.441191390081799545e+04
1.912500000000000000e+01,1.297446488376399429e+04
1.914583333333333215e+01,1.441191390081799545e+04
1.916666666666666430e+01,1.496281229369937500e+04
1.918750000000000000e+01,1.428803519174376925e+04
1.920833333333333215e+01,1.432397179451213015e+04
1.922916666666666430e+01,1.440341473252758442e+04
1.925000000000000000e+01,1.474124687268928028e+04
1.927083333333333215e+01,1.441043767188386846e+04
1.929166666666666430e+01,1.441043767188386846e+04
1.931250000000000000e+01,1.441043767188386846e+04
1.933333333333333215e+01,1.440856016948147590e+04
1.935416666666666430e+01,1.492414090904053228e+04
1.937500000000000000e+01,1.440856016948147590e+04
1.939583333333333215e+01,1.409085981840168097e+04
1.941666666666666430e+01,1.440856016948147590e+04
1.943750000000000000e+01,1.493901558331745036e+04
1.945833333333333215e+01,1.440856016948147590e+04
1.947916666666666430e+01,1.354936016948147517e+04
1.950000000000000000e+01,1.609931696769787959e+04
1.952083333333333215e+01,1.483144624393395497e+04
1.954166666666666430e+01,1.268882745360833360e+04
1.956250000000000000e+01,1.367070397839568977e+04
1.958333333333333215e+01,1.612562745360833651e+04
1.960416666666666430e+01,1.440722745360833505e+04
1.962500000000000000e+01,1.294066846328239262e+04
1.964583333333333215e+01,1.440722745360833505e+04
1.966666666666666430e+01,1.607461920652344634e+04
1.968750000000000000e+01,1.440526814734233267e+04
1.970833333333333215e+01,1.268686814734233485e+04
1.972916666666666430e+01,1.440526814734233267e+04
1.975000000000000000e+01,1.588743600608378983e+04
1.977083333333333215e+01,1.440526814734233267e+04
1.979166666666666430e+01,1.268686814734233485e+04
1.981250000000000000e+01,1.440526814734233267e+04
1.983333333333333215e+01,1.574988232901627634e+04
1.985416666666666430e+01,1.418069443984908139e+04
1.987500000000000000e+01,1.343247804033585271e+04
1.989583333333333215e+01,1.434193115915109593e+04
1.991666666666666430e+01,1.526266398120770464e+04
1.993750000000000000e+01,1.440346398120770391e+04
1.995833333333333215e+01,1.354426398120770318e+04
1.997916666666666430e+01,1.444777031705293120e+04
2.000000000000000000e+01,1.526069149370477317e+04
2.002083333333333215e+01,1.440149149370477244e+04
2.004166666666666430e+01,1.372740256828405109e+04
2.006250000000000000e+01,1.455219789834188487e+04
2.008333333333333215e+01,1.526069149370477317e+04
2.010416666666666430e+01,1.466064233534409868e+04
2.012500000000000000e+01,1.354229149370477171e+04
2.014583333333333215e+01,1.440149149370477244e+04
2.016666666666666430e+01,1.528297431197980040e+04
2.018750000000000000e+01,1.542486151524468005e+04
2.020833333333333215e+01,1.354058063100115032e+04
2.022916666666666430e+01,1.334240434610589000e+04
2.025000000000000000e+01,1.525898063100114814e+04
2.027083333333333215e+01,1.511926122351416780e+04
2.029166666666666430e+01,1.354058063100115032e+04
2.031250000000000000e+01,1.335080880601658282e+04
2.033333333333333215e+01,1.525693634725156517e+04
2.035416666666666430e+01,1.553159650229932959e+04
2.037500000000000000e+01,1.394214139149924449e+04
2.039583333333333215e+01,1.300751984048706072e+04
2.041666666666666430e+01,1.511846029648129843e+04
2.043750000000000000e+01,1.589455605433716482e+04
2.045833333333333215e+01,1.323170883497922841e+04
2.047916666666666430e+01,1.267933634725156662e+04
2.050000000000000000e+01,1.525499506778448995e+04
2.052083333333333215e+01,1.611419506778449067e+04
2.054166666666666430e+01,1.353659506778448849e+04
2.056250000000000000e+01,1.269358531927631338e+04
2.058333333333333215e+01,1.525499506778448995e+04
2.060416666666666430e+01,1.611419506778449067e+04
2.062500000000000000e+01,1.312774461200303995e+04
2.064583333333333215e+01,1.267739506778449140e+04
2.066666666666666430e+01,1.439385888806513685e+04
2.068750000000000000e+01,1.611225888806513831e+04
2.070833333333333215e+01,1.439385888806513685e+04
2.072916666666666430e+01,1.304951014169598056e+04
2.075000000000000000e+01,1.439385888806513685e+04
2.077083333333333215e+01,1.611225888806513831e+04
2.079166666666666430e+01,1.428583510701784326e+04
2.081250000000000000e+01,1.299814580594925064e+04
2.083333333333333215e+01,1.445939869667592939e+04
2.085416666666666430e+01,1.610989667195525908e+04
2.087500000000000000e+01,1.438399663759260147e+04
2.089583333333333215e+01,1.267309667195525981e+04
2.091666666666666430e+01,1.438399687273879681e+04
2.093750000000000000e+01,1.578146277588088560e+04
2.095833333333333215e+01,1.419368576767219565e+04
2.097916666666666430e+01,1.267309667195525981e+04
2.100000000000000000e+01,1.610805870311315084e+04
2.102083333333333215e+01,1.553868393901608215e+04
2.104166666666666430e+01,1.267125870311315157e+04
2.106250000000000000e+01,1.289242399098134410e+04
2.108333333333333215e+01,1.610805870311315084e+04
2.110416666666666430e+01,1.607005372981482651e+04
2.112500000000000000e+01,1.267125870311315157e+04
2.114583333333333215e+01,1.267125870311315157e+04
2.116666666666666430e+01,1.605025825559626537e+04
2.118750000000000000e+01,1.541248155011353083e+04
2.120833333333333215e+01,1.266861754386201574e+04
2.122916666666666430e+01,1.313364508042928355e+04
2.125000000000000000e+01,1.610541754386201501e+04
2.127083333333333215e+01,1.485391182775904963e+04
2.129166666666666430e+01,1.266861754386201574e+04
2.131250000000000000e+01,1.405329859688025681e+04
2.133333333333333215e+01,1.486270325025984130e+04
2.135416666666666430e+01,1.524495083315972443e+04
2.137500000000000000e+01,1.435133059080185558e+04
2.139583333333333215e+01,1.352655083315972297e+04
2.141666666666666430e+01,1.438575083315972370e+04
2.143750000000000000e+01,1.524495083315972443e+04
2.145833333333333215e+01,1.438575083315972370e+04
2.147916666666666430e+01,1.370638558855568044e+04
2.150000000000000000e+01,1.438462378276520030e+04
2.152083333333333215e+01,1.524382378276520103e+04
2.154166666666666430e+01,1.435345294583044961e+04
2.156250000000000000e+01,1.345554644182656557e+04
2.158333333333333215e+01,1.455752069809717796e+04
2.160416666666666430e+01,1.524382378276520103e+04
2.162500000000000000e+01,1.438462378276520030e+04
2.164583333333333215e+01,1.352542378276519958e+04
2.166666666666666430e+01,1.540431630040081654e+04
2.168750000000000000e+01,1.524052218024091781e+04
2.170833333333333215e+01,1.352586350980455609e+04
2.172916666666666430e+01,1.354189187580893122e+04
2.175000000000000000e+01,1.524426350980455754e+04
2.177083333333333215e+01,1.509362132972306426e+04
2.179166666666666430e+01,1.351058980202560269e+04
2.181250000000000000e+01,1.342446064381057658e+04
2.183333333333333215e+01,1.579507375630009483e+04
2.185416666666666430e+01,1.524619594185427195e+04
2.187500000000000000e+01,1.359109463761559527e+04
2.189583333333333215e+01,1.340569683747756426e+04
2.191666666666666430e+01,1.524011120389188000e+04
2.193750000000000000e+01,1.489630078564439100e+04
2.195833333333333215e+01,1.352779594185427050e+04
2.197916666666666430e+01,1.364700602001021252e+04
2.200000000000000000e+01,1.517795315579503949e+04
2.202083333333333215e+01,1.515008552683522430e+04
2.204166666666666430e+01,1.353088424660484816e+04
2.206250000000000000e+01,1.333465424574867575e+04
2.208333333333333215e+01,1.524928424660484961e+04
2.210416666666666430e+01,1.546323732719573309e+04
2.212500000000000000e+01,1.353653889611361228e+04
2.214583333333333215e+01,1.382780913827312179e+04
2.216666666666666430e+01,1.476648731013332508e+04
2.218750000000000000e+01,1.512581944690427918e+04
2.220833333333333215e+01,1.332764639741302744e+04
2.222916666666666430e+01,1.399068978318694280e+04
2.225000000000000000e+01,1.535295134548343776e+04
2.227083333333333215e+01,1.466286367351665103e+04
2.229166666666666430e+01,1.385421985627429603e+04
2.231250000000000000e+01,1.439486713567016341e+04
2.233333333333333215e+01,1.516126460369155393e+04
2.235416666666666430e+01,1.440097113563552193e+04
2.237500000000000000e+01,1.330371141468461065e+04
2.239583333333333215e+01,1.440097113563552193e+04
2.241666666666666430e+01,1.526017113563552266e+04
2.243750000000000000e+01,1.453662390330761264e+04
2.245833333333333215e+01,1.395788711755519762e+04
2.247916666666666430e+01,1.440097113563552193e+04
2.250000000000000000e+01,1.552925052899120419e+04
2.252083333333333215e+01,1.440847535360537950e+04
2.254166666666666430e+01,1.354927535360537877e+04
2.256250000000000000e+01,1.440847535360537950e+04
2.258333333333333215e+01,1.526767535360538022e+04
2.260416666666666430e+01,1.435308998784107462e+04
2.262500000000000000e+01,1.354927535360537877e+04
2.264583333333333215e+01,1.422343579171776582e+04
2.266666666666666430e+01,1.578439017756587054e+04
2.268750000000000000e+01,1.441756127560926325e+04
2.270833333333333215e+01,1.326852977878036836e+04
2.272916666666666430e+01,1.441756127560926325e+04
2.275000000000000000e+01,1.527676127560926398e+04
2.277083333333333215e+01,1.441756127560926325e+04
2.279166666666666430e+01,1.365232742904077168e+04
2.281250000000000000e+01,1.441756127560926325e+04
2.283333333333333215e+01,1.528650204539116385e+04
2.285416666666666430e+01,1.435557709472426359e+04
2.287500000000000000e+01,1.356810204539116239e+04
2.289583333333333215e+01,1.442730204539116312e+04
2.291666666666666430e+01,1.528650204539116385e+04
2.293750000000000000e+01,1.442730204539116312e+04
2.295833333333333215e+01,1.391835286981457466e+04
2.297916666666666430e+01,1.442730204539116312e+04
2.300000000000000000e+01,1.483562524831441624e+04
2.302083333333333215e+01,1.443633795776734769e+04
2.304166666666666430e+01,1.405132194194988915e+04
2.306250000000000000e+01,1.430497487260772687e+04
2.308333333333333215e+01,1.486729431255432064e+04
2.310416666666666430e+01,1.443633795776734769e+04
2.312500000000000000e+01,1.443633795776734769e+04
2.314583333333333215e+01,1.443633795776734769e+04
2.316666666666666430e+01,1.444456946868920204e+04
2.318750000000000000e+01,1.449477081876043303e+04
2.320833333333333215e+01,1.434069787719999294e+04
2.322916666666666430e+01,1.444456946868920204e+04
2.325000000000000000e+01,1.444456946868920204e+04
2.327083333333333215e+01,1.447166658908874524e+04
2.329166666666666430e+01,1.444456946868920204e+04
2.331250000000000000e+01,1.444456946868920204e+04
2.333333333333333215e+01,1.557115115104373763e+04
2.335416666666666430e+01,1.445166503808606285e+04
2.337500000000000000e+01,1.359246503808606212e+04
2.339583333333333215e+01,1.445166503808606285e+04
2.341666666666666430e+01,1.531086503808606358e+04
2.343750000000000000e+01,1.445166503808606285e+04
2.345833333333333215e+01,1.359246503808606212e+04
2.347916666666666430e+01,1.425398503082367097e+04
2.350000000000000000e+01,1.531740074263297356e+04
2.352083333333333215e+01,1.531740074263297356e+04
2.354166666666666430e+01,1.359900074263297574e+04
2.356250000000000000e+01,1.359900074263297574e+04
2.358333333333333215e+01,1.531740074263297356e+04
2.360416666666666430e+01,1.531740074263297356e+04
2.362500000000000000e+01,1.359900074263297574e+04
2.364583333333333215e+01,1.359900074263297574e+04
2.366666666666666430e+01,1.532264798873725522e+04
2.368750000000000000e+01,1.532264798873725522e+04
2.370833333333333215e+01,1.325649296771211448e+04
2.372916666666666430e+01,1.382492459070719269e+04
2.375000000000000000e+01,1.618184798873725595e+04
2.377083333333333215e+01,1.493199147266090586e+04
2.379166666666666430e+01,1.274504798873725667e+04
2.381250000000000000e+01,1.400023323473898199e+04
2.383333333333333215e+01,1.524826752414675138e+04
2.385416666666666430e+01,1.472795925420901040e+04
2.387500000000000000e+01,1.416489380602785968e+04
2.389583333333333215e+01,1.446845008526952734e+04
2.391666666666666430e+01,1.446845008526952734e+04
2.393750000000000000e+01,1.455143724102871784e+04
2.395833333333333215e+01,1.446845008526952734e+04
2.397916666666666430e+01,1.446845008526952734e+04
2.400000000000000000e+01,1.527672414933658729e+04
2.402083333333333215e+01,1.447310874412769772e+04
2.404166666666666430e+01,1.275470874412769626e+04
2.406250000000000000e+01,1.447310874412769772e+04
2.408333333333333215e+01,1.619150874412769554e+04
2.410416666666666430e+01,1.447310874412769772e+04
2.412500000000000000e+01,1.304843957527856037e+04
2.414583333333333215e+01,1.447310874412769772e+04
2.416666666666666430e+01,1.561379909864292131e+04
2.418750000000000000e+01,1.447648687679410068e+04
2.420833333333333215e+01,1.382397823417580366e+04
2.422916666666666430e+01,1.447648687679410068e+04
2.425000000000000000e+01,1.533568687679410141e+04
2.427083333333333215e+01,1.451503362824042415e+04
2.429166666666666430e+01,1.361728687679409995e+04
2.431250000000000000e+01,1.447648687679410068e+04
2.433333333333333215e+01,1.616996192047488512e+04
2.435416666666666430e+01,1.437652683529528804e+04
2.437500000000000000e+01,1.276094738252654861e+04
2.439583333333333215e+01,1.435542523051181342e+04
2.441666666666666430e+01,1.600096101723641550e+04
2.443750000000000000e+01,1.447934738252654643e+04
2.445833333333333215e+01,1.287052504244888769e+04
2.447916666666666430e+01,1.447934738252654643e+04
2.450000000000000000e+01,1.534103742652476649e+04
2.452083333333333215e+01,1.566923959375073900e+04
2.454166666666666430e+01,1.362263742652476867e+04
2.456250000000000000e+01,1.305557722011244550e+04
2.458333333333333215e+01,1.534103742652476649e+04
2.460416666666666430e+01,1.583276629686596425e+04
2.462500000000000000e+01,1.355256760484491315e+04
2.464583333333333215e+01,1.307326553817676540e+04
2.466666666666666430e+01,1.534296610082688858e+04
2.468750000000000000e+01,1.561785993291802515e+04
2.470833333333333215e+01,1.348284067828412662e+04
2.472916666666666430e+01,1.358804198182552864e+04
2.475000000000000000e+01,1.512878745792307018e+04
2.477083333333333215e+01,1.534296610082688858e+04
2.479166666666666430e+01,1.398636517263463247e+04
2.481250000000000000e+01,1.362456610082688712e+04
2.483333333333333215e+01,1.494308091904028697e+04
2.485416666666666430e+01,1.534507576714536481e+04
2.487500000000000000e+01,1.378327654504483144e+04
2.489583333333333215e+01,1.382601886685753198e+04
2.491666666666666430e+01,1.534507576714536481e+04
2.493750000000000000e+01,1.534507576714536481e+04
2.495833333333333215e+01,1.362667576714536699e+04
2.497916666666666430e+01,1.399198466707136322e+04
