0.000000000000000000e+00,0.000000000000000000e+00
2.083333333333333218e-02,2.166644750000000204e+04
4.166666666666666435e-02,2.166644750000000204e+04
6.250000000000000000e-02,1.966754362991480593e+04
8.333333333333332871e-02,1.785378691856975274e+04
1.041666666666666574e-01,1.664479724710469600e+04
1.250000000000000000e-01,1.585858651088786064e+04
1.458333333333333148e-01,1.535709992993390188e+04
1.666666666666666574e-01,1.504168199738509793e+04
1.875000000000000000e-01,1.484519689860937069e+04
2.083333333333333148e-01,1.472357746383355698e+04
2.291666666666666574e-01,1.464860947984807353e+04
2.500000000000000000e-01,1.460252296196983298e+04
2.708333333333333148e-01,1.457424331027529115e+04
2.916666666666666297e-01,1.455691433942891672e+04
3.125000000000000000e-01,1.454630900213850327e+04
3.333333333333333148e-01,1.453982787593457033e+04
3.541666666666666297e-01,1.453587497503540726e+04
3.750000000000000000e-01,1.453347135496544797e+04
3.958333333333333148e-01,1.453201691095643764e+04
4.166666666666666297e-01,1.453114390682872181e+04
4.375000000000000000e-01,1.453062704969426704e+04
4.583333333333333148e-01,1.453032833347531778e+04
4.791666666666666297e-01,1.453016322800917624e+04
5.000000000000000000e-01,1.453007996043717139e+04
5.208333333333332593e-01,1.452153675197714256e+04
5.416666666666666297e-01,1.451630222191810753e+04
5.625000000000000000e-01,1.451309555233638457e+04
5.833333333333332593e-01,1.451113137109149466e+04
6.041666666666666297e-01,1.450992833467534729e+04
6.250000000000000000e-01,1.450919152126054178e+04
6.458333333333332593e-01,1.450874026320867051e+04
6.666666666666666297e-01,1.450846389665936658e+04
6.875000000000000000e-01,1.450829464156687027e+04
7.083333333333332593e-01,1.450819098533577198e+04
7.291666666666666297e-01,1.450812750379020508e+04
7.500000000000000000e-01,1.450808862626648988e+04
7.708333333333332593e-01,1.450806481683085440e+04
7.916666666666666297e-01,1.450805023543026255e+04
8.125000000000000000e-01,1.450804130547758177e+04
8.333333333333332593e-01,1.450803583659072683e+04
8.541666666666666297e-01,1.450803248733250075e+04
8.750000000000000000e-01,1.450803043617846197e+04
8.958333333333332593e-01,1.450802918000999125e+04
9.166666666666666297e-01,1.450802841070689828e+04
9.375000000000000000e-01,1.450802793957005633e+04
9.583333333333332593e-01,1.450802765103629281e+04
9.791666666666666297e-01,1.450802747433236073e+04
1.000000000000000000e+00,1.450802736611528962e+04
1.020833333333333259e+00,1.450802729984096368e+04
1.041666666666666519e+00,1.450802725925321647e+04
1.062500000000000000e+00,1.450802723439645706e+04
1.083333333333333259e+00,1.450802721917368035e+04
1.104166666666666519e+00,1.450802720985093401e+04
1.125000000000000000e+00,1.450802720414150099e+04
1.145833333333333259e+00,1.450802720064493042e+04
1.166666666666666519e+00,1.450802719850355061e+04
1.187500000000000000e+00,1.450802719719213928e+04
1.208333333333333259e+00,1.450802719638899725e+04
1.229166666666666519e+00,1.450802719589713524e+04
1.250000000000000000e+00,1.450802719559590696e+04
1.270833333333333259e+00,1.450802719541143597e+04
1.291666666666666519e+00,1.450802719529845126e+04
1.312500000000000000e+00,1.450802719522926782e+04
1.333333333333333259e+00,1.450802719518689628e+04
1.354166666666666519e+00,1.450802719516094294e+04
1.375000000000000000e+00,1.450802719514505225e+04
1.395833333333333259e+00,1.450802719513531702e+04
1.416666666666666519e+00,1.450802719512935801e+04
1.437500000000000000e+00,1.450802719512570911e+04
1.458333333333333259e+00,1.450802719512347176e+04
1.479166666666666519e+00,1.450802719512210388e+04
1.500000000000000000e+00,1.450802719512126350e+04
1.520833333333333259e+00,1.450802719512074691e+04
1.541666666666666519e+00,1.450802719512043768e+04
1.562500000000000000e+00,1.450802719512024851e+04
1.583333333333333259e+00,1.450802719512012845e+04
1.604166666666666519e+00,1.450802719512005206e+04
1.625000000000000000e+00,1.450802719512000840e+04
1.645833333333333259e+00,1.450802719511998293e+04
1.666666666666666519e+00,1.450802719511996838e+04
1.687500000000000000e+00,1.450802719511996111e+04
1.708333333333333259e+00,1.450802719511995383e+04
1.729166666666666519e+00,1.450802719511994655e+04
1.750000000000000000e+00,1.450802719511994655e+04
1.770833333333333259e+00,1.450802719511994655e+04
1.791666666666666519e+00,1.450802719511994655e+04
1.812500000000000000e+00,1.408201996217238411e+04
1.833333333333333259e+00,1.369101146454978516e+04
1.854166666666666519e+00,1.345866831583121530e+04
1.875000000000000000e+00,1.333336869080437464e+04
1.895833333333333259e+00,1.327858144973203161e+04
1.916666666666666519e+00,1.326917846635935348e+04
1.937500000000000000e+00,1.328823171095586804e+04
1.958333333333333259e+00,1.332451324739273332e+04
1.979166666666666519e+00,1.337066795639025804e+04
2.000000000000000000e+00,1.342193205885454154e+04
2.020833333333333037e+00,1.347525770262236256e+04
2.041666666666666519e+00,1.352872486967592704e+04
2.062500000000000000e+00,1.358115051135195608e+04
2.083333333333333037e+00,1.363183055984788371e+04
2.104166666666666519e+00,1.368037042559628389e+04
2.125000000000000000e+00,1.372657399381785217e+04
2.145833333333333037e+00,1.377037112090493247e+04
2.166666666666666519e+00,1.381177039645969853e+04
2.187500000000000000e+00,1.385082845537757021e+04
2.208333333333333037e+00,1.388763011671561253e+04
2.229166666666666519e+00,1.392227559750621003e+04
2.250000000000000000e+00,1.395487234450001415e+04
2.270833333333333037e+00,1.398552987575553198e+04
2.291666666666666519e+00,1.401435658004930156e+04
2.312500000000000000e+00,1.404145778612904178e+04
2.333333333333333037e+00,1.406693465212660885e+04
2.354166666666666519e+00,1.409088358141981371e+04
2.375000000000000000e+00,1.411339597331810364e+04
2.395833333333333037e+00,1.413455818375981835e+04
2.416666666666666519e+00,1.415445161492801344e+04
2.437500000000000000e+00,1.417315288128871180e+04
2.458333333333333037e+00,1.419073401824883695e+04
2.479166666666666519e+00,1.420726271183754216e+04
2.500000000000000000e+00,1.422280253577340409e+04
2.520833333333333037e+00,1.423741318745604804e+04
2.541666666666666519e+00,1.425115071777640333e+04
2.562500000000000000e+00,1.426406775180492332e+04
2.583333333333333037e+00,1.427621369880270504e+04
2.604166666666666519e+00,1.428763495087993579e+04
2.625000000000000000e+00,1.429837507017421740e+04
2.645833333333333037e+00,1.430847496475571825e+04
2.666666666666666519e+00,1.431797305366181536e+04
2.687500000000000000e+00,1.432690542157127857e+04
2.708333333333333037e+00,1.433530596367907128e+04
2.729166666666666519e+00,1.434320652134821648e+04
2.750000000000000000e+00,1.435063700910989428e+04
2.770833333333333037e+00,1.435762553356398348e+04
2.791666666666666519e+00,1.436419850470695383e+04
2.812500000000000000e+00,1.437038074018478801e+04
2.833333333333333037e+00,1.437619556293820642e+04
2.854166666666666519e+00,1.438166489267762881e+04
2.875000000000000000e+00,1.438680933159558117e+04
2.895833333333333037e+00,1.439164824469669111e+04
2.916666666666666519e+00,1.439619983509900339e+04
2.937500000000000000e+00,1.440048121463576535e+04
2.958333333333333037e+00,1.440450847006426193e+04
2.979166666666666519e+00,1.440829672516617211e+04
3.000000000000000000e+00,1.441186019900538304e+04
3.020833333333333037e+00,1.441521226058992397e+04
3.041666666666666519e+00,1.441836548016838060e+04
3.062500000000000000e+00,1.442133167737518670e+04
3.083333333333333037e+00,1.442412196642492199e+04
3.104166666666666519e+00,1.439811600260959676e+04
3.125000000000000000e+00,1.442550876997311207e+04
3.145833333333333037e+00,1.444228761368734195e+04
3.166666666666666519e+00,1.445257127161135213e+04
3.187500000000000000e+00,1.824793534516885848e+04
3.208333333333333037e+00,1.556242019499874004e+04
3.229166666666666519e+00,1.544278076996570235e+04
3.250000000000000000e+00,1.609018917014955150e+04
3.270833333333333037e+00,1.468225242756074294e+04
3.291666666666666519e+00,1.377318159643127001e+04
3.312500000000000000e+00,1.528150291660231960e+04
3.333333333333333037e+00,1.502379627017662642e+04
3.354166666666666519e+00,1.336539189832516786e+04
3.375000000000000000e+00,1.286041033690129552e+04
3.395833333333333037e+00,1.423513136129889608e+04
3.416666666666666519e+00,1.586497980468988317e+04
3.437500000000000000e+00,1.435039495644139970e+04
3.458333333333333037e+00,1.278491151039972101e+04
3.479166666666666519e+00,1.419618984472352167e+04
3.500000000000000000e+00,1.508042451188472114e+04
3.520833333333333037e+00,1.425610559874281171e+04
3.541666666666666519e+00,1.342869627384299747e+04
3.562500000000000000e+00,1.429474079445331517e+04
3.583333333333333037e+00,1.526969188027203927e+04
3.604166666666666519e+00,1.430479723652757457e+04
3.625000000000000000e+00,1.346828695626503759e+04
3.645833333333333037e+00,1.452614766376127591e+04
3.666666666666666519e+00,1.549901139523078018e+04
3.687500000000000000e+00,1.428570252508589692e+04
3.708333333333333037e+00,1.346158359072705571e+04
3.729166666666666519e+00,1.431672230019372728e+04
3.750000000000000000e+00,1.498610919786715021e+04
3.770833333333333037e+00,1.412252278526059672e+04
3.791666666666666519e+00,1.345970736296972245e+04
3.812500000000000000e+00,1.436772987840958376e+04
3.833333333333333037e+00,1.523766875531705591e+04
3.854166666666666519e+00,1.432530749742448825e+04
3.875000000000000000e+00,1.347018126590716929e+04
3.895833333333333037e+00,1.433552809657291073e+04
3.916666666666666519e+00,1.557818185426344280e+04
3.937500000000000000e+00,1.434804135279720504e+04
3.958333333333333037e+00,1.298359126670108890e+04
3.979166666666666519e+00,1.455327627090570240e+04
4.000000000000000000e+00,1.599260212456106456e+04
4.020833333333333037e+00,1.413839221321801961e+04
4.041666666666666075e+00,1.265632583973323563e+04
4.062500000000000000e+00,1.437556341885577785e+04
4.083333333333333037e+00,1.609562445227217177e+04
4.104166666666666075e+00,1.412887993286696656e+04
4.125000000000000000e+00,1.266613810713342536e+04
4.145833333333333037e+00,1.445221082507236497e+04
4.166666666666666075e+00,1.609018723115024477e+04
4.187500000000000000e+00,1.439179181770311334e+04
4.208333333333333037e+00,1.267598429121278241e+04
4.229166666666666075e+00,1.450317382460381123e+04
4.250000000000000000e+00,1.594531524408831319e+04
4.270833333333333037e+00,1.440177733277691368e+04
4.291666666666666075e+00,1.268523647908544444e+04
4.312500000000000000e+00,1.440432452765448761e+04
4.333333333333333037e+00,1.612243949668591449e+04
4.354166666666666075e+00,1.440406598875395866e+04
4.375000000000000000e+00,1.268886342279880773e+04
4.395833333333333037e+00,1.465862814545321817e+04
4.416666666666666075e+00,1.612981357880213909e+04
4.437500000000000000e+00,1.431092527448614055e+04
4.458333333333333037e+00,1.269717634571715826e+04
4.479166666666666075e+00,1.441553512712990778e+04
4.500000000000000000e+00,1.602107948377657522e+04
4.520833333333333037e+00,1.426134263156987072e+04
4.541666666666666075e+00,1.270006641279943142e+04
4.562500000000000000e+00,1.441722803164421930e+04
4.583333333333333037e+00,1.602557060021700818e+04
4.604166666666666075e+00,1.440073197477689246e+04
4.625000000000000000e+00,1.270263533387558346e+04
4.645833333333333037e+00,1.441980245192705115e+04
4.666666666666666075e+00,1.614102833000569444e+04
4.687500000000000000e+00,1.442296337886698166e+04
4.708333333333333037e+00,1.270332732656942244e+04
4.729166666666666075e+00,1.458960862171565896e+04
4.750000000000000000e+00,1.604024354723915530e+04
4.770833333333333037e+00,1.438906136636083465e+04
4.791666666666666075e+00,1.270821427423248679e+04
4.812500000000000000e+00,1.442518968301271889e+04
4.833333333333333037e+00,1.614527744870497918e+04
4.854166666666666075e+00,1.442687605772581446e+04
4.875000000000000000e+00,1.270713689512848941e+04
4.895833333333333037e+00,1.442432359699088556e+04
4.916666666666666075e+00,1.598024875045754015e+04
4.937500000000000000e+00,1.429876272410235470e+04
4.958333333333333037e+00,1.271065117846975409e+04
4.979166666666666075e+00,1.442728086595915738e+04
5.000000000000000000e+00,1.614682374384878494e+04
5.020833333333333037e+00,1.442785191946470513e+04
5.041666666666666075e+00,1.270930137235202346e+04
5.062500000000000000e+00,1.451662735773704117e+04
5.083333333333333037e+00,1.614652895263517348e+04
5.104166666666666075e+00,1.442731570098175143e+04
5.125000000000000000e+00,1.271096867907563501e+04
5.145833333333333037e+00,1.442973232900284711e+04
5.166666666666666075e+00,1.614607005025656326e+04
5.187500000000000000e+00,1.442625457282508432e+04
5.208333333333333037e+00,1.271173078601052111e+04
5.229166666666666075e+00,1.471895516261991361e+04
5.250000000000000000e+00,1.601131067140316736e+04
5.270833333333333037e+00,1.426385697664730469e+04
5.291666666666666075e+00,1.271842958107193044e+04
5.312500000000000000e+00,1.443611976749604582e+04
5.333333333333333037e+00,1.614980076865477531e+04
5.354166666666666075e+00,1.442893446340995069e+04
5.375000000000000000e+00,1.271426103029176011e+04
5.395833333333333037e+00,1.443327330742126651e+04
5.416666666666666075e+00,1.612898594718092863e+04
5.437500000000000000e+00,1.442874900864558367e+04
5.458333333333333037e+00,1.271343534719811578e+04
5.479166666666666075e+00,1.443223124241391633e+04
5.500000000000000000e+00,1.592271533204706793e+04
5.520833333333333037e+00,1.443365832117641185e+04
5.541666666666666075e+00,1.271533647441540961e+04
5.562500000000000000e+00,1.443256329184338756e+04
5.583333333333333037e+00,1.615024320842575980e+04
5.604166666666666075e+00,1.427154080523341327e+04
5.625000000000000000e+00,1.271366783575574300e+04
5.645833333333333037e+00,1.443117390495212021e+04
5.666666666666666075e+00,1.615129671420675004e+04
5.687500000000000000e+00,1.443267797102280019e+04
5.708333333333333037e+00,1.271254791131793172e+04
5.729166666666666075e+00,1.442973389688329189e+04
5.750000000000000000e+00,1.615087867149937665e+04
5.770833333333333037e+00,1.443270155207765129e+04
5.791666666666666075e+00,1.271173766107519259e+04
5.812500000000000000e+00,1.442857310759129177e+04
5.833333333333333037e+00,1.615053284743610857e+04
5.854166666666666075e+00,1.427152534854028272e+04
5.875000000000000000e+00,1.271326366884638992e+04
5.895833333333333037e+00,1.443037272188005227e+04
5.916666666666666075e+00,1.615221526241313404e+04
5.937500000000000000e+00,1.443388790449808948e+04
5.958333333333333037e+00,1.271352245284618402e+04
5.979166666666666075e+00,1.449598310661302821e+04
6.000000000000000000e+00,1.577971840356645407e+04
6.020833333333333037e+00,1.443803436433289244e+04
6.041666666666666075e+00,1.272121052416919338e+04
6.062500000000000000e+00,1.471421868082694346e+04
6.083333333333333037e+00,1.615231333683289267e+04
6.104166666666666075e+00,1.432245869766679971e+04
6.125000000000000000e+00,1.302032808436248888e+04
6.145833333333333037e+00,1.466082839632893956e+04
6.166666666666666075e+00,1.615565778844400847e+04
6.187500000000000000e+00,1.443446245457745681e+04
6.208333333333333037e+00,1.271836500980408528e+04
6.229166666666666075e+00,1.431707140737889858e+04
6.250000000000000000e+00,1.583731326645081936e+04
6.270833333333333037e+00,1.417583355434710393e+04
6.291666666666666075e+00,1.280715464961726320e+04
6.312500000000000000e+00,1.446922254280191555e+04
6.333333333333333037e+00,1.615387501918923226e+04
6.354166666666666075e+00,1.443271996747834055e+04
6.375000000000000000e+00,1.271381663190715699e+04
6.395833333333333037e+00,1.443105560335184418e+04
6.416666666666666075e+00,1.614901963119555512e+04
6.437500000000000000e+00,1.431237257326104373e+04
6.458333333333333037e+00,1.271262524698224297e+04
6.479166666666666075e+00,1.452024348828379880e+04
6.500000000000000000e+00,1.615031228048016419e+04
6.520833333333333037e+00,1.443124520994333943e+04
6.541666666666666075e+00,1.271302422344095976e+04
6.562500000000000000e+00,1.443087318332198993e+04
6.583333333333333037e+00,1.614987041948246042e+04
6.604166666666666075e+00,1.443103585525810558e+04
6.625000000000000000e+00,1.271243879918799939e+04
6.645833333333333037e+00,1.443012081696467067e+04
6.666666666666666075e+00,1.614957472057181076e+04
6.687500000000000000e+00,1.443090782153547843e+04
6.708333333333333037e+00,1.271183240597041367e+04
6.729166666666666075e+00,1.442931185687475954e+04
6.750000000000000000e+00,1.575915338291332228e+04
6.770833333333333037e+00,1.416566248930530128e+04
6.791666666666666075e+00,1.279067025770987675e+04
6.812500000000000000e+00,1.462452000544911061e+04
6.833333333333333037e+00,1.615657899679485126e+04
6.854166666666666075e+00,1.443549195391097601e+04
6.875000000000000000e+00,1.277368771199776529e+04
6.895833333333333037e+00,1.443519140365000203e+04
6.916666666666666075e+00,1.615127216840745314e+04
6.937500000000000000e+00,1.443070700967654193e+04
6.958333333333333037e+00,1.271438001117671593e+04
6.979166666666666075e+00,1.474793087491919141e+04
7.000000000000000000e+00,1.615137526907846041e+04
7.020833333333333037e+00,1.443140195440538446e+04
7.041666666666666075e+00,1.271648428792004415e+04
7.062500000000000000e+00,1.443482391928475772e+04
7.083333333333333037e+00,1.615069360488765233e+04
7.104166666666666075e+00,1.422033858243871509e+04
7.125000000000000000e+00,1.271560533840886274e+04
7.145833333333333037e+00,1.443288563528333907e+04
7.166666666666666075e+00,1.597242454948056184e+04
7.187500000000000000e+00,1.429214067614950545e+04
7.208333333333333037e+00,1.271604934090232200e+04
7.229166666666666075e+00,1.445096302686665877e+04
7.250000000000000000e+00,1.615099529451442868e+04
7.270833333333333037e+00,1.443136208371385874e+04
7.291666666666666075e+00,1.271265777518717005e+04
7.312500000000000000e+00,1.450898572600543412e+04
7.333333333333333037e+00,1.615021374756731529e+04
7.354166666666666075e+00,1.443125649815341967e+04
7.375000000000000000e+00,1.271291889788435219e+04
7.395833333333333037e+00,1.443071677787284352e+04
7.416666666666666075e+00,1.593496312519742060e+04
7.437500000000000000e+00,1.443583098932093344e+04
7.458333333333333037e+00,1.271544879312269768e+04
7.479166666666666075e+00,1.443205990773536178e+04
7.500000000000000000e+00,1.615123089966308544e+04
7.520833333333333037e+00,1.443231592712071870e+04
7.541666666666666075e+00,1.271268133880912137e+04
7.562500000000000000e+00,1.442989420590761074e+04
7.583333333333333037e+00,1.615011507104385964e+04
7.604166666666666075e+00,1.443174119177123794e+04
7.625000000000000000e+00,1.271180331676873539e+04
7.645833333333333037e+00,1.442894533530871195e+04
7.666666666666666075e+00,1.614982319922939860e+04
7.687500000000000000e+00,1.417790015423430668e+04
7.708333333333333037e+00,1.271429684224752782e+04
7.729166666666666075e+00,1.445384835342161387e+04
7.750000000000000000e+00,1.615233688939261265e+04
7.770833333333333037e+00,1.443297239493530287e+04
7.791666666666666075e+00,1.272848746527143885e+04
7.812500000000000000e+00,1.478214800260343691e+04
7.833333333333333037e+00,1.586899203513471002e+04
7.854166666666666075e+00,1.438991767066304601e+04
7.875000000000000000e+00,1.271930135578088084e+04
7.895833333333333037e+00,1.443581656302829651e+04
7.916666666666666075e+00,1.615127919572562314e+04
7.937500000000000000e+00,1.443103272315347567e+04
7.958333333333333037e+00,1.271434763958310577e+04
7.979166666666666075e+00,1.443244481608423303e+04
8.000000000000000000e+00,1.614926681808565627e+04
8.020833333333332149e+00,1.423560246648670363e+04
8.041666666666666075e+00,1.271524101280398099e+04
8.062500000000000000e+00,1.447643620042149632e+04
8.083333333333332149e+00,1.615125015723209071e+04
8.104166666666666075e+00,1.443130678638328391e+04
8.125000000000000000e+00,1.271504816931765163e+04
8.145833333333332149e+00,1.455339177078523426e+04
8.166666666666666075e+00,1.615056537097202090e+04
8.187500000000000000e+00,1.443023730616291869e+04
8.208333333333332149e+00,1.271435675859126786e+04
8.229166666666666075e+00,1.443284099016061373e+04
8.250000000000000000e+00,1.614914186023294315e+04
8.270833333333332149e+00,1.442942968792158717e+04
8.291666666666666075e+00,1.271294711705969894e+04
8.312500000000000000e+00,1.443127553468257611e+04
8.333333333333332149e+00,1.608470814035792500e+04
8.354166666666666075e+00,1.428277520149727934e+04
8.375000000000000000e+00,1.271463621844742011e+04
8.395833333333332149e+00,1.443238569631934297e+04
8.416666666666666075e+00,1.593917767102421931e+04
8.437500000000000000e+00,1.443646039327537437e+04
8.458333333333332149e+00,1.271641090425640868e+04
8.479166666666666075e+00,1.443327378147862692e+04
8.500000000000000000e+00,1.615170312354306589e+04
8.520833333333332149e+00,1.443230425231680420e+04
8.541666666666666075e+00,1.271351881185717139e+04
8.562500000000000000e+00,1.443117136221938563e+04
8.583333333333332149e+00,1.614997128178114508e+04
8.604166666666666075e+00,1.443086070177685542e+04
8.625000000000000000e+00,1.271259771578468644e+04
8.645833333333332149e+00,1.445356662190515272e+04
8.666666666666666075e+00,1.614916635547893020e+04
8.687500000000000000e+00,1.442993186391615382e+04
8.708333333333332149e+00,1.271728263499245440e+04
8.729166666666666075e+00,1.471255300267874554e+04
8.750000000000000000e+00,1.602360795666544436e+04
8.770833333333332149e+00,1.414699681072109161e+04
8.791666666666666075e+00,1.271953968038883249e+04
8.812500000000000000e+00,1.443583229576271333e+04
8.833333333333332149e+00,1.615402301281961991e+04
8.854166666666666075e+00,1.443427374524097831e+04
8.875000000000000000e+00,1.271451108359334830e+04
8.895833333333332149e+00,1.443199710151215913e+04
8.916666666666666075e+00,1.601957598813324148e+04
8.937500000000000000e+00,1.409640166810395021e+04
8.958333333333332149e+00,1.271625943566122078e+04
8.979166666666666075e+00,1.514499853363995135e+04
9.000000000000000000e+00,1.615574905425519682e+04
9.020833333333332149e+00,1.333295471238908067e+04
9.041666666666666075e+00,1.278550488801309621e+04
9.062500000000000000e+00,1.566594828887406402e+04
9.083333333333332149e+00,1.615476476146016284e+04
9.104166666666666075e+00,1.283188311875607178e+04
9.125000000000000000e+00,1.272302996593535136e+04
9.145833333333332149e+00,1.615066628938358917e+04
9.166666666666666075e+00,1.595796828917020321e+04
9.187500000000000000e+00,1.271447779909290693e+04
9.208333333333332149e+00,1.271319912712110090e+04
9.229166666666666075e+00,1.615040942169746995e+04
9.250000000000000000e+00,1.577727384627100400e+04
9.270833333333332149e+00,1.271566876733907702e+04
9.291666666666666075e+00,1.271324557137753072e+04
9.312500000000000000e+00,1.615100508771860041e+04
9.333333333333332149e+00,1.570624321809749017e+04
9.354166666666666075e+00,1.271573083835871512e+04
9.375000000000000000e+00,1.313956876045983881e+04
9.395833333333332149e+00,1.615392808987512763e+04
9.416666666666666075e+00,1.527288981631688148e+04
9.437500000000000000e+00,1.294022128377784975e+04
9.458333333333332149e+00,1.357472535678352506e+04
9.479166666666666075e+00,1.602116593612673023e+04
9.500000000000000000e+00,1.529197447675622607e+04
9.520833333333332149e+00,1.271298826841745904e+04
9.541666666666666075e+00,1.357203622986323535e+04
9.562500000000000000e+00,1.606202321221225066e+04
9.583333333333332149e+00,1.528979663650065413e+04
9.604166666666666075e+00,1.271159575240474078e+04
9.625000000000000000e+00,1.357161635185344130e+04
9.645833333333332149e+00,1.582955904095205551e+04
9.666666666666666075e+00,1.529024038304442001e+04
9.687500000000000000e+00,1.279691988053156456e+04
9.708333333333332149e+00,1.380122971383246477e+04
9.729166666666666075e+00,1.615191148765981052e+04
9.750000000000000000e+00,1.529137782951212284e+04
9.770833333333332149e+00,1.271443999709557465e+04
9.791666666666666075e+00,1.357338640069455869e+04
9.812500000000000000e+00,1.615006652499558186e+04
9.833333333333332149e+00,1.494345198319641713e+04
9.854166666666666075e+00,1.271404184081134008e+04
9.875000000000000000e+00,1.391714959585174438e+04
9.895833333333332149e+00,1.578486800188229972e+04
9.916666666666666075e+00,1.484751472290488891e+04
9.937500000000000000e+00,1.318892313423719679e+04
9.958333333333332149e+00,1.443710847681531232e+04
9.979166666666666075e+00,1.504956315083776644e+04
1.000000000000000000e+01,1.467739373128699299e+04
1.002083333333333215e+01,1.379106223920868069e+04
1.004166666666666607e+01,1.425648934974123404e+04
1.006250000000000000e+01,1.529572920609261200e+04
1.008333333333333215e+01,1.443388884236489685e+04
1.010416666666666607e+01,1.357324293244786168e+04
1.012500000000000000e+01,1.443163363921324708e+04
1.014583333333333215e+01,1.529046001476273887e+04
1.016666666666666607e+01,1.448539366569611229e+04
1.018750000000000000e+01,1.398086099240346812e+04
1.020833333333333215e+01,1.443171196061541923e+04
1.022916666666666607e+01,1.486280686488500578e+04
1.025000000000000000e+01,1.467657854179199785e+04
1.027083333333333215e+01,1.443444532994232577e+04
1.029166666666666607e+01,1.428758829268068803e+04
1.031250000000000000e+01,1.443625690897457025e+04
1.033333333333333215e+01,1.443512386993076507e+04
1.035416666666666607e+01,1.443249019128584769e+04
1.037500000000000000e+01,1.443025663999969038e+04
1.039583333333333215e+01,1.449737309600161097e+04
1.041666666666666607e+01,1.475901038881869681e+04
1.043750000000000000e+01,1.443279211417154511e+04
1.045833333333333215e+01,1.415749678490955193e+04
1.047916666666666607e+01,1.443465059131521775e+04
1.050000000000000000e+01,1.462888612917539649e+04
1.052083333333333215e+01,1.443908909405577651e+04
1.054166666666666607e+01,1.429995180168108709e+04
1.056250000000000000e+01,1.443638442392404249e+04
1.058333333333333215e+01,1.443458019317175786e+04
1.060416666666666607e+01,1.443199752902733235e+04
1.062500000000000000e+01,1.442944093875413455e+04
1.064583333333333215e+01,1.466412895962708353e+04
1.066666666666666607e+01,1.474839336581897805e+04
1.068750000000000000e+01,1.443362980093949955e+04
1.070833333333333215e+01,1.443172924154024440e+04
1.072916666666666607e+01,1.443356714014453610e+04
1.075000000000000000e+01,1.443293096500584943e+04
1.077083333333333215e+01,1.443149308388178542e+04
1.079166666666666607e+01,1.443016326614068021e+04
1.081250000000000000e+01,1.443084545409041311e+04
1.083333333333333215e+01,1.463385019493378059e+04
1.085416666666666607e+01,1.443254219310260669e+04
1.087500000000000000e+01,1.443166732848704123e+04
1.089583333333333215e+01,1.443194880538249345e+04
1.091666666666666607e+01,1.443142920916958610e+04
1.093750000000000000e+01,1.443150844167005926e+04
1.095833333333333215e+01,1.443027995744471991e+04
1.097916666666666607e+01,1.461929577187794348e+04
1.100000000000000000e+01,1.427086676023443943e+04
1.102083333333333215e+01,1.443946823194405079e+04
1.104166666666666607e+01,1.447869305010958851e+04
1.106250000000000000e+01,1.443591965943986361e+04
1.108333333333333215e+01,1.474891095186249368e+04
1.110416666666666607e+01,1.443431615369527208e+04
1.112500000000000000e+01,1.449567307555096340e+04
1.114583333333333215e+01,1.443683557200044379e+04
1.116666666666666607e+01,1.443450516430230709e+04
1.118750000000000000e+01,1.443269136782751229e+04
1.120833333333333215e+01,1.443073529374159989e+04
1.122916666666666607e+01,1.443121692941788933e+04
1.125000000000000000e+01,1.483977974579036163e+04
1.127083333333333215e+01,1.443229242793382218e+04
1.129166666666666607e+01,1.399937630746412469e+04
1.131250000000000000e+01,1.451029685464164504e+04
1.133333333333333215e+01,1.532462648260774586e+04
1.135416666666666607e+01,1.418395632504430250e+04
1.137500000000000000e+01,1.326649389545347003e+04
1.139583333333333215e+01,1.457663974237432558e+04
1.141666666666666607e+01,1.543510912443872439e+04
1.143750000000000000e+01,1.443489460367452921e+04
1.145833333333333215e+01,1.360681999605581586e+04
1.147916666666666607e+01,1.443369946051083025e+04
1.150000000000000000e+01,1.529105124308397717e+04
1.152083333333333215e+01,1.443009464275823484e+04
1.154166666666666607e+01,1.396266561444960826e+04
1.156250000000000000e+01,1.449293028911676811e+04
1.158333333333333215e+01,1.529278440621195477e+04
1.160416666666666607e+01,1.443249613916639646e+04
1.162500000000000000e+01,1.357319959114758967e+04
1.164583333333333215e+01,1.443186926886133006e+04
1.166666666666666607e+01,1.528862347054187194e+04
1.168750000000000000e+01,1.443023221602876947e+04
1.170833333333333215e+01,1.332082332458627570e+04
1.172916666666666607e+01,1.461835498055039352e+04
1.175000000000000000e+01,1.532192798884701915e+04
1.177083333333333215e+01,1.443561956956283393e+04
1.179166666666666607e+01,1.357662608062095751e+04
1.181250000000000000e+01,1.443382504963354586e+04
1.183333333333333215e+01,1.542281229009712843e+04
1.185416666666666607e+01,1.443276626825531639e+04
1.187500000000000000e+01,1.357295845414360883e+04
1.189583333333333215e+01,1.443199582523584468e+04
1.191666666666666607e+01,1.523481509218353312e+04
1.193750000000000000e+01,1.443074493618102497e+04
1.195833333333333215e+01,1.370568948234732306e+04
1.197916666666666607e+01,1.459044721217473125e+04
1.200000000000000000e+01,1.536323477846255992e+04
1.202083333333333215e+01,1.443176187908627617e+04
1.204166666666666607e+01,1.357271002619785941e+04
1.206250000000000000e+01,1.443383684283476396e+04
1.208333333333333215e+01,1.529248224891616701e+04
1.210416666666666607e+01,1.443052450426876021e+04
1.212500000000000000e+01,1.357100464734085108e+04
1.214583333333333215e+01,1.443258887684312140e+04
1.216666666666666607e+01,1.529146314045249164e+04
1.218750000000000000e+01,1.442912364126434841e+04
1.220833333333333215e+01,1.378471741384721099e+04
1.222916666666666607e+01,1.447880634974496570e+04
1.225000000000000000e+01,1.545157877272260885e+04
1.227083333333333215e+01,1.443300041933081593e+04
1.229166666666666607e+01,1.357220298757270939e+04
1.231250000000000000e+01,1.443437912606960526e+04
1.233333333333333215e+01,1.507079092327467879e+04
1.235416666666666607e+01,1.444205971227395639e+04
1.237500000000000000e+01,1.358021459276448513e+04
1.239583333333333215e+01,1.444521836780720696e+04
1.241666666666666607e+01,1.531419637135378798e+04
1.243750000000000000e+01,1.445637461830494067e+04
1.245833333333333215e+01,1.359452944335064240e+04
1.247916666666666607e+01,1.501206204499226806e+04
1.250000000000000000e+01,1.532304425443307628e+04
1.252083333333333215e+01,1.360160871192366540e+04
1.254166666666666607e+01,1.402577301496366272e+04
1.256250000000000000e+01,1.532732001963063885e+04
1.258333333333333215e+01,1.473220494518298801e+04
1.260416666666666607e+01,1.360676455326665746e+04
1.262500000000000000e+01,1.446321307705862273e+04
1.264583333333333215e+01,1.531946157505265728e+04
1.266666666666666607e+01,1.469230271821114729e+04
1.268750000000000000e+01,1.329805115423561074e+04
1.270833333333333215e+01,1.446667550410456533e+04
1.272916666666666607e+01,1.532139832959821069e+04
1.275000000000000000e+01,1.457646360479891882e+04
1.277083333333333215e+01,1.377133964382956765e+04
1.279166666666666607e+01,1.446624748979108335e+04
1.281250000000000000e+01,1.531907120071840109e+04
1.283333333333333215e+01,1.461203213070733182e+04
1.285416666666666607e+01,1.360411637702347798e+04
1.287500000000000000e+01,1.445404709795151575e+04
1.289583333333333215e+01,1.530552743334170736e+04
1.291666666666666607e+01,1.444758164872265479e+04
1.293750000000000000e+01,1.384152748982092453e+04
1.295833333333333215e+01,1.444504367220566201e+04
1.297916666666666607e+01,1.530056592275001822e+04
1.300000000000000000e+01,1.425665500638489539e+04
1.302083333333333215e+01,1.358742684261174873e+04
1.304166666666666607e+01,1.443997365519918094e+04
1.306250000000000000e+01,1.505901075367274461e+04
1.308333333333333215e+01,1.466167980178867583e+04
1.310416666666666607e+01,1.358656564716816865e+04
1.312500000000000000e+01,1.443210487527284567e+04
1.314583333333333215e+01,1.529060264177984936e+04
1.316666666666666607e+01,1.443109838112608486e+04
1.318750000000000000e+01,1.391655391598603092e+04
1.320833333333333215e+01,1.461964423830379383e+04
1.322916666666666607e+01,1.500461954248373877e+04
1.325000000000000000e+01,1.443506413962958686e+04
1.327083333333333215e+01,1.386603929066380078e+04
1.329166666666666607e+01,1.443407223904588318e+04
1.331250000000000000e+01,1.529127672600483129e+04
1.333333333333333215e+01,1.443009992527206487e+04
1.335416666666666607e+01,1.357077655645373306e+04
1.337500000000000000e+01,1.422065830784449281e+04
1.339583333333333215e+01,1.529146694143607237e+04
1.341666666666666607e+01,1.421261213637826950e+04
1.343750000000000000e+01,1.357658428501840172e+04
1.345833333333333215e+01,1.443597344742538917e+04
1.347916666666666607e+01,1.529362865801750377e+04
1.350000000000000000e+01,1.451356865932023720e+04
1.352083333333333215e+01,1.359317702874722818e+04
1.354166666666666607e+01,1.443226449635325480e+04
1.356250000000000000e+01,1.529098744859674480e+04
1.358333333333333215e+01,1.479056334361306290e+04
1.360416666666666607e+01,1.357409188748630913e+04
1.362500000000000000e+01,1.468866117461175963e+04
1.364583333333333215e+01,1.529617542841682734e+04
1.366666666666666607e+01,1.450828628737143663e+04
1.368750000000000000e+01,1.357527202296812175e+04
1.370833333333333215e+01,1.443144988866771746e+04
1.372916666666666607e+01,1.529146405507878808e+04
1.375000000000000000e+01,1.421188596015269650e+04
1.377083333333333215e+01,1.389068330470960427e+04
1.379166666666666607e+01,1.443512766932156956e+04
1.381250000000000000e+01,1.520718001495049975e+04
1.383333333333333215e+01,1.443771414700720561e+04
1.385416666666666607e+01,1.357541835687743514e+04
1.387500000000000000e+01,1.443137269658876903e+04
1.389583333333333215e+01,1.529098049161858944e+04
1.391666666666666607e+01,1.443297314062738951e+04
1.393750000000000000e+01,1.357223462336544253e+04
1.395833333333333215e+01,1.442917048261065793e+04
1.397916666666666607e+01,1.528841302188580812e+04
1.400000000000000000e+01,1.465403908810971188e+04
1.402083333333333215e+01,1.357970249690292258e+04
1.404166666666666607e+01,1.443094423728628317e+04
1.406250000000000000e+01,1.528922046916336330e+04
1.408333333333333215e+01,1.443142153200658504e+04
1.410416666666666607e+01,1.357330388995365138e+04
1.412500000000000000e+01,1.424230414667055811e+04
1.414583333333333215e+01,1.529170220027847245e+04
1.416666666666666607e+01,1.455569305030359828e+04
1.418750000000000000e+01,1.378365253330345513e+04
1.420833333333333215e+01,1.443603827479190659e+04
1.422916666666666607e+01,1.529276976150929477e+04
1.425000000000000000e+01,1.453065384583159903e+04
1.427083333333333215e+01,1.357573581090122025e+04
1.429166666666666607e+01,1.443299784083632767e+04
1.431250000000000000e+01,1.529111697604192159e+04
1.433333333333333215e+01,1.443115052369466503e+04
1.435416666666666607e+01,1.357100342452048062e+04
1.437500000000000000e+01,1.443065553644879765e+04
1.439583333333333215e+01,1.529097103812934802e+04
1.441666666666666607e+01,1.449667920595286705e+04
1.443750000000000000e+01,1.357069932930091818e+04
1.445833333333333215e+01,1.443129974032606333e+04
1.447916666666666607e+01,1.529295146119186393e+04
1.450000000000000000e+01,1.443289996890749899e+04
1.452083333333333215e+01,1.359131485471989436e+04
1.454166666666666607e+01,1.443116542896660394e+04
1.456250000000000000e+01,1.529245808550264701e+04
1.458333333333333215e+01,1.481156805130589055e+04
1.460416666666666607e+01,1.357512895839021439e+04
1.462500000000000000e+01,1.443221662871332228e+04
1.464583333333333215e+01,1.529303505730903998e+04
1.466666666666666607e+01,1.443491598256168800e+04
1.468750000000000000e+01,1.357372670049105000e+04
1.470833333333333215e+01,1.443056643566238563e+04
1.472916666666666607e+01,1.528952801006367372e+04
1.475000000000000000e+01,1.469608055335373137e+04
1.477083333333333215e+01,1.357922999817928576e+04
1.479166666666666607e+01,1.399040179345113575e+04
1.481250000000000000e+01,1.528159759157273220e+04
1.483333333333333215e+01,1.514737400487196646e+04
1.485416666666666607e+01,1.346894668034754795e+04
1.487500000000000000e+01,1.357604223721268863e+04
1.489583333333333215e+01,1.493446939462796945e+04
1.491666666666666607e+01,1.529595218209525046e+04
1.493750000000000000e+01,1.387964564640768731e+04
1.495833333333333215e+01,1.377876028796385799e+04
1.497916666666666607e+01,1.507749801875641788e+04
1.500000000000000000e+01,1.529762704854525145e+04
1.502083333333333215e+01,1.364283470671780378e+04
1.504166666666666607e+01,1.357583674960053031e+04
1.506250000000000000e+01,1.551225416311695153e+04
1.508333333333333215e+01,1.529279989597953681e+04
1.510416666666666607e+01,1.357279890436845380e+04
1.512500000000000000e+01,1.357315007739827706e+04
1.514583333333333215e+01,1.529036311119769744e+04
1.516666666666666607e+01,1.529019733842299320e+04
1.518750000000000000e+01,1.345202253623314391e+04
1.520833333333333215e+01,1.358140834438210732e+04
1.522916666666666607e+01,1.528900151920475764e+04
1.525000000000000000e+01,1.529043137101880347e+04
1.527083333333333215e+01,1.361758683763092631e+04
1.529166666666666607e+01,1.388025375406308012e+04
1.531250000000000000e+01,1.529391658964389353e+04
1.533333333333333215e+01,1.529448200036180424e+04
1.535416666666666607e+01,1.359509686624381357e+04
1.537500000000000000e+01,1.357209919526482190e+04
1.539583333333333215e+01,1.528843435404890988e+04
1.541666666666666607e+01,1.516413092595716080e+04
1.543750000000000000e+01,1.359979739077276827e+04
1.545833333333333215e+01,1.357261365461258174e+04
1.547916666666666607e+01,1.528856301869533490e+04
1.550000000000000000e+01,1.529229674247892763e+04
1.552083333333333215e+01,1.352899383287280216e+04
1.554166666666666607e+01,1.357137183684038609e+04
1.556250000000000000e+01,1.528782656540098469e+04
1.558333333333333215e+01,1.529207850845049325e+04
1.560416666666666607e+01,1.357457294943558736e+04
1.562500000000000000e+01,1.375939216347018009e+04
1.564583333333333215e+01,1.529168860672462324e+04
1.566666666666666607e+01,1.529398432206291182e+04
1.568750000000000000e+01,1.357536235336618483e+04
1.570833333333333215e+01,1.357208805594191654e+04
1.572916666666666607e+01,1.528859826896559753e+04
1.575000000000000000e+01,1.529107189471443053e+04
1.577083333333333215e+01,1.357279561551114239e+04
1.579166666666666607e+01,1.357127604839828564e+04
1.581250000000000000e+01,1.526258278123793207e+04
1.583333333333333215e+01,1.529007766305570112e+04
1.585416666666666607e+01,1.357132904377816158e+04
1.587500000000000000e+01,1.379207050230391906e+04
1.589583333333333215e+01,1.497580522166022274e+04
1.591666666666666607e+01,1.529583549762385155e+04
1.593750000000000000e+01,1.387945861775426602e+04
1.595833333333333215e+01,1.357858000142226592e+04
1.597916666666666607e+01,1.507538863574050265e+04
1.600000000000000000e+01,1.529490322651109454e+04
1.602083333333333215e+01,1.357514870778807017e+04
1.604166666666666430e+01,1.357560206114392349e+04
1.606250000000000000e+01,1.529278918050022912e+04
1.608333333333333215e+01,1.537097202514614764e+04
1.610416666666666430e+01,1.382638780456884706e+04
1.612500000000000000e+01,1.357497983328074770e+04
1.614583333333333215e+01,1.512138278506572169e+04
1.616666666666666430e+01,1.529284027420421990e+04
1.618750000000000000e+01,1.357228401677839793e+04
1.620833333333333215e+01,1.358879535299327836e+04
1.622916666666666430e+01,1.567701842865685103e+04
1.625000000000000000e+01,1.529374849921451096e+04
1.627083333333333215e+01,1.293858576652573538e+04
1.629166666666666430e+01,1.357634779612096463e+04
1.631250000000000000e+01,1.615049489451519912e+04
1.633333333333333215e+01,1.529259727082262543e+04
1.635416666666666430e+01,1.271791991139443417e+04
1.637500000000000000e+01,1.357563877435208269e+04
1.639583333333333215e+01,1.615077886435074106e+04
1.641666666666666430e+01,1.529259905071592948e+04
1.643750000000000000e+01,1.271601587879067301e+04
1.645833333333333215e+01,1.344389413249546124e+04
1.647916666666666430e+01,1.604650246252835132e+04
1.650000000000000000e+01,1.490045630091508065e+04
1.652083333333333215e+01,1.271697555896615813e+04
1.654166666666666430e+01,1.410501921486868378e+04
1.656250000000000000e+01,1.615480879085464403e+04
1.658333333333333215e+01,1.443335682084231667e+04
1.660416666666666430e+01,1.271324765472700528e+04
1.662500000000000000e+01,1.443391286695101007e+04
1.664583333333333215e+01,1.615195282749476246e+04
1.666666666666666430e+01,1.443105187503246634e+04
1.668750000000000000e+01,1.291514108943052997e+04
1.670833333333333215e+01,1.443368496153695378e+04
1.672916666666666430e+01,1.610449283429326897e+04
1.675000000000000000e+01,1.423485620743636173e+04
1.677083333333333215e+01,1.271532469833958385e+04
1.679166666666666430e+01,1.443546546416030469e+04
1.681250000000000000e+01,1.600674284874453951e+04
1.683333333333333215e+01,1.443281909097302560e+04
1.685416666666666430e+01,1.271225236483474146e+04
1.687500000000000000e+01,1.443399713885168239e+04
1.689583333333333215e+01,1.615263516658344815e+04
1.691666666666666430e+01,1.443142050970729906e+04
1.693750000000000000e+01,1.271155169497742463e+04
1.695833333333333215e+01,1.443219895550357614e+04
1.697916666666666430e+01,1.615044981375897623e+04
1.700000000000000000e+01,1.422795761266856061e+04
1.702083333333333215e+01,1.271626632645079735e+04
1.704166666666666430e+01,1.443315405558063503e+04
1.706250000000000000e+01,1.614953484425446732e+04
1.708333333333333215e+01,1.443244961809836968e+04
1.710416666666666430e+01,1.317074926172695996e+04
1.712500000000000000e+01,1.443378845196939074e+04
1.714583333333333215e+01,1.587366679924415075e+04
1.716666666666666430e+01,1.443762676314473720e+04
1.718750000000000000e+01,1.292720826878631487e+04
1.720833333333333215e+01,1.443405299803163871e+04
1.722916666666666430e+01,1.615004464085805739e+04
1.725000000000000000e+01,1.443546317455978351e+04
1.727083333333333215e+01,1.276096090694775557e+04
1.729166666666666430e+01,1.443261315445538276e+04
1.731250000000000000e+01,1.595930400367896436e+04
1.733333333333333215e+01,1.443503803232046630e+04
1.735416666666666430e+01,1.271609931581684577e+04
1.737500000000000000e+01,1.443208868794636874e+04
1.739583333333333215e+01,1.614873037070455757e+04
1.741666666666666430e+01,1.421226812645605241e+04
1.743750000000000000e+01,1.271847197978734766e+04
1.745833333333333215e+01,1.443401611173178026e+04
1.747916666666666430e+01,1.615024064632167574e+04
1.750000000000000000e+01,1.443241624844694161e+04
1.752083333333333215e+01,1.271330670946419923e+04
1.754166666666666430e+01,1.443129907437698421e+04
1.756250000000000000e+01,1.611142224598077519e+04
1.758333333333333215e+01,1.443065077296222807e+04
1.760416666666666430e+01,1.271137539468279283e+04
1.762500000000000000e+01,1.443098407648175998e+04
1.764583333333333215e+01,1.581999739297474298e+04
1.766666666666666430e+01,1.443310635328538410e+04
1.768750000000000000e+01,1.315927074222343799e+04
1.770833333333333215e+01,1.443775468839796304e+04
1.772916666666666430e+01,1.608136372772218238e+04
1.775000000000000000e+01,1.443460739089877097e+04
1.777083333333333215e+01,1.271443946412464720e+04
1.779166666666666430e+01,1.443396905557387072e+04
1.781250000000000000e+01,1.615203023793831380e+04
1.783333333333333215e+01,1.408378922265054644e+04
1.785416666666666430e+01,1.271849951196915936e+04
1.787500000000000000e+01,1.444300417785687387e+04
1.789583333333333215e+01,1.608116517278636820e+04
1.791666666666666430e+01,1.443304318452990265e+04
1.793750000000000000e+01,1.271227810723920629e+04
1.795833333333333215e+01,1.470101747966634139e+04
1.797916666666666430e+01,1.613594697916394216e+04
1.800000000000000000e+01,1.443432763758353394e+04
1.802083333333333215e+01,1.271298022964507982e+04
1.804166666666666430e+01,1.443389177535613999e+04
1.806250000000000000e+01,1.597975290589845099e+04
1.808333333333333215e+01,1.398779115564212043e+04
1.810416666666666430e+01,1.272170006557962915e+04
1.812500000000000000e+01,1.473328191893002804e+04
1.814583333333333215e+01,1.616131707901151458e+04
1.816666666666666430e+01,1.443914112271779595e+04
1.818750000000000000e+01,1.287078169584041098e+04
1.820833333333333215e+01,1.443586046536525100e+04
1.822916666666666430e+01,1.615192909945599968e+04
1.825000000000000000e+01,1.417234103383715410e+04
1.827083333333333215e+01,1.313394347018807457e+04
1.829166666666666430e+01,1.443814650222049750e+04
1.831250000000000000e+01,1.552004665856718930e+04
1.833333333333333215e+01,1.443814811580936293e+04
1.835416666666666430e+01,1.357640587510391924e+04
1.837500000000000000e+01,1.453707927538224976e+04
1.839583333333333215e+01,1.529333164203932392e+04
1.841666666666666430e+01,1.456765814908156972e+04
1.843750000000000000e+01,1.373640988556652883e+04
1.845833333333333215e+01,1.443341112210478968e+04
1.847916666666666430e+01,1.529331517311105563e+04
1.850000000000000000e+01,1.443620523648779999e+04
1.852083333333333215e+01,1.357504019986409912e+04
1.854166666666666430e+01,1.443164287574249829e+04
1.856250000000000000e+01,1.529135836200932681e+04
1.858333333333333215e+01,1.443272832570017999e+04
1.860416666666666430e+01,1.357213672308632522e+04
1.862500000000000000e+01,1.447942396654839831e+04
1.864583333333333215e+01,1.529139121324459120e+04
1.866666666666666430e+01,1.443155686225656973e+04
1.868750000000000000e+01,1.357188516469989190e+04
1.870833333333333215e+01,1.443106171762389931e+04
1.872916666666666430e+01,1.528921704658544331e+04
1.875000000000000000e+01,1.459225768067836179e+04
1.877083333333333215e+01,1.378881441828662719e+04
1.879166666666666430e+01,1.411002847174017370e+04
1.881250000000000000e+01,1.512735281795335322e+04
1.883333333333333215e+01,1.479528586508018270e+04
1.885416666666666430e+01,1.357847100433848391e+04
1.887500000000000000e+01,1.402920881418083445e+04
1.889583333333333215e+01,1.529425286422839781e+04
1.891666666666666430e+01,1.512100528749773002e+04
1.893750000000000000e+01,1.382184177822284983e+04
1.895833333333333215e+01,1.373007419376214602e+04
1.897916666666666430e+01,1.527542772939853603e+04
1.900000000000000000e+01,1.529529749231787355e+04
1.902083333333333215e+01,1.357526816920651618e+04
1.904166666666666430e+01,1.357340899436672044e+04
1.906250000000000000e+01,1.505136000656273609e+04
1.908333333333333215e+01,1.529234615906199906e+04
1.910416666666666430e+01,1.357263959272564534e+04
1.912500000000000000e+01,1.357338262538837080e+04
1.914583333333333215e+01,1.553278786889916228e+04
1.916666666666666430e+01,1.529199284681709105e+04
1.918750000000000000e+01,1.373017689017567682e+04
1.920833333333333215e+01,1.357468524313567104e+04
1.922916666666666430e+01,1.529180667582988826e+04
1.925000000000000000e+01,1.529142829403573342e+04
1.927083333333333215e+01,1.353144381280154266e+04
1.929166666666666430e+01,1.370473548913663035e+04
1.931250000000000000e+01,1.529239203406838351e+04
1.933333333333333215e+01,1.529220576370067647e+04
1.935416666666666430e+01,1.346377724601950104e+04
1.937500000000000000e+01,1.357257100794731014e+04
1.939583333333333215e+01,1.528961353258706367e+04
1.941666666666666430e+01,1.529100420002622923e+04
1.943750000000000000e+01,1.357228457477763732e+04
1.945833333333333215e+01,1.362197500150533597e+04
1.947916666666666430e+01,1.528999092535869204e+04
1.950000000000000000e+01,1.529091753917988899e+04
1.952083333333333215e+01,1.357200918832937168e+04
1.954166666666666430e+01,1.368270142665502499e+04
1.956250000000000000e+01,1.529164077576081036e+04
1.958333333333333215e+01,1.529143868699241648e+04
1.960416666666666430e+01,1.357198291049723775e+04
1.962500000000000000e+01,1.357206562797116567e+04
1.964583333333333215e+01,1.528994137329027944e+04
1.966666666666666430e+01,1.528955161742270502e+04
1.968750000000000000e+01,1.357021329234618315e+04
1.970833333333333215e+01,1.361082057991167676e+04
1.972916666666666430e+01,1.520832459447989459e+04
1.975000000000000000e+01,1.529050334315989676e+04
1.977083333333333215e+01,1.357071035640154514e+04
1.979166666666666430e+01,1.368946216584549620e+04
1.981250000000000000e+01,1.530957358793770254e+04
1.983333333333333215e+01,1.529148565095938829e+04
1.985416666666666430e+01,1.357087030819283973e+04
1.987500000000000000e+01,1.357376268881575015e+04
1.989583333333333215e+01,1.553618714347013884e+04
1.991666666666666430e+01,1.529232520743880741e+04
1.993750000000000000e+01,1.357288692358070330e+04
1.995833333333333215e+01,1.357512709375444319e+04
1.997916666666666430e+01,1.529275082961787848e+04
2.000000000000000000e+01,1.517949990936733229e+04
2.002083333333333215e+01,1.369014708424076161e+04
2.004166666666666430e+01,1.373557838856338276e+04
2.006250000000000000e+01,1.529575912520610655e+04
2.008333333333333215e+01,1.529609280656337796e+04
2.010416666666666430e+01,1.357610416011774578e+04
2.012500000000000000e+01,1.357383024050572931e+04
2.014583333333333215e+01,1.519727349096367470e+04
2.016666666666666430e+01,1.529252349900475019e+04
2.018750000000000000e+01,1.357298466668736364e+04
2.020833333333333215e+01,1.357215384820703548e+04
2.022916666666666430e+01,1.528968888084625723e+04
2.025000000000000000e+01,1.529005264036057633e+04
2.027083333333333215e+01,1.357091873735906120e+04
2.029166666666666430e+01,1.362146449855607352e+04
2.031250000000000000e+01,1.529084873490695827e+04
2.033333333333333215e+01,1.528974090399455235e+04
2.035416666666666430e+01,1.356996511185269992e+04
2.037500000000000000e+01,1.370950179434135862e+04
2.039583333333333215e+01,1.508264835523612055e+04
2.041666666666666430e+01,1.529279632575494179e+04
2.043750000000000000e+01,1.357246735475378227e+04
2.045833333333333215e+01,1.357533987386629815e+04
2.047916666666666430e+01,1.557395132166141775e+04
2.050000000000000000e+01,1.529339863053971203e+04
2.052083333333333215e+01,1.370093299688180559e+04
2.054166666666666430e+01,1.357807031349660247e+04
2.056250000000000000e+01,1.519871486495467252e+04
2.058333333333333215e+01,1.529336267120151388e+04
2.060416666666666430e+01,1.357277854876488709e+04
2.062500000000000000e+01,1.357301132386814061e+04
2.064583333333333215e+01,1.529064377405177947e+04
2.066666666666666430e+01,1.529024791937506961e+04
2.068750000000000000e+01,1.357102555128686072e+04
2.070833333333333215e+01,1.384838193619896629e+04
2.072916666666666430e+01,1.529465501524636420e+04
2.075000000000000000e+01,1.529345939000754879e+04
2.077083333333333215e+01,1.357355694284747005e+04
2.079166666666666430e+01,1.357211956817276223e+04
2.081250000000000000e+01,1.528907274620562748e+04
2.083333333333333215e+01,1.529071843283854832e+04
2.085416666666666430e+01,1.352927388034600517e+04
2.087500000000000000e+01,1.357084004631812059e+04
2.089583333333333215e+01,1.528781821026029502e+04
2.091666666666666430e+01,1.526531654571784748e+04
2.093750000000000000e+01,1.352592797276725832e+04
2.095833333333333215e+01,1.357140631955527715e+04
2.097916666666666430e+01,1.528806314590469992e+04
2.100000000000000000e+01,1.529234987472352077e+04
2.102083333333333215e+01,1.357494311826333069e+04
2.104166666666666430e+01,1.357106304059376271e+04
2.106250000000000000e+01,1.528750357784528751e+04
2.108333333333333215e+01,1.529220548069633878e+04
2.110416666666666430e+01,1.369748460235781386e+04
2.112500000000000000e+01,1.357254545482017784e+04
2.114583333333333215e+01,1.528927132637923933e+04
2.116666666666666430e+01,1.529338814390694097e+04
2.118750000000000000e+01,1.357547032963963647e+04
2.120833333333333215e+01,1.387214397692367857e+04
2.122916666666666430e+01,1.529571331776470470e+04
2.125000000000000000e+01,1.529508076783304932e+04
2.127083333333333215e+01,1.357471137699934116e+04
2.129166666666666430e+01,1.357417729014798897e+04
2.131250000000000000e+01,1.518171589487076562e+04
2.133333333333333215e+01,1.529279765997848881e+04
2.135416666666666430e+01,1.357262897333887304e+04
2.137500000000000000e+01,1.357569715113596249e+04
2.139583333333333215e+01,1.531595196253815811e+04
2.141666666666666430e+01,1.529105025973546799e+04
2.143750000000000000e+01,1.357089015694961199e+04
2.145833333333333215e+01,1.357481838945654090e+04
2.147916666666666430e+01,1.547746549991102802e+04
2.150000000000000000e+01,1.529281422266415757e+04
2.152083333333333215e+01,1.363423710722841133e+04
2.154166666666666430e+01,1.357702052888809339e+04
2.156250000000000000e+01,1.529479437766846240e+04
2.158333333333333215e+01,1.529333646900276653e+04
2.160416666666666430e+01,1.349282703331036828e+04
2.162500000000000000e+01,1.357588861838678713e+04
2.164583333333333215e+01,1.529236506997137258e+04
2.166666666666666430e+01,1.529312708016212491e+04
2.168750000000000000e+01,1.357393450440778543e+04
2.170833333333333215e+01,1.368810408929715777e+04
2.172916666666666430e+01,1.529208357554498434e+04
2.175000000000000000e+01,1.529322039818731719e+04
2.177083333333333215e+01,1.357420344560311423e+04
2.179166666666666430e+01,1.363169526028558175e+04
2.181250000000000000e+01,1.529030241472024863e+04
2.183333333333333215e+01,1.529229376133688856e+04
2.185416666666666430e+01,1.356597715282593708e+04
2.187500000000000000e+01,1.369934127565958988e+04
2.189583333333333215e+01,1.529119547816937848e+04
2.191666666666666430e+01,1.529303585960865894e+04
2.193750000000000000e+01,1.334909048590394377e+04
2.195833333333333215e+01,1.357470985296541039e+04
2.197916666666666430e+01,1.530611267693068294e+04
2.200000000000000000e+01,1.529493849359685919e+04
2.202083333333333215e+01,1.357520585477646091e+04
2.204166666666666430e+01,1.357483464083262152e+04
2.206250000000000000e+01,1.549701860655093333e+04
2.208333333333333215e+01,1.529396617294461248e+04
2.210416666666666430e+01,1.343094335655906616e+04
2.212500000000000000e+01,1.369820536776360314e+04
2.214583333333333215e+01,1.529655146398648867e+04
2.216666666666666430e+01,1.529283466113033501e+04
2.218750000000000000e+01,1.357197949988789333e+04
2.220833333333333215e+01,1.357467894184935722e+04
2.222916666666666430e+01,1.531709246178805188e+04
2.225000000000000000e+01,1.529011538781998024e+04
2.227083333333333215e+01,1.356969307217732057e+04
2.229166666666666430e+01,1.357383152444482403e+04
2.231250000000000000e+01,1.553289822127022489e+04
2.233333333333333215e+01,1.529221405505070652e+04
2.235416666666666430e+01,1.357260735833557555e+04
2.237500000000000000e+01,1.379964927587073544e+04
2.239583333333333215e+01,1.529904780553448290e+04
2.241666666666666430e+01,1.517817343111159789e+04
2.243750000000000000e+01,1.345701285667386765e+04
2.245833333333333215e+01,1.357551083645893959e+04
2.247916666666666430e+01,1.529167026617864394e+04
2.250000000000000000e+01,1.529230625986241648e+04
2.252083333333333215e+01,1.392065200419199027e+04
2.254166666666666430e+01,1.357427833772826125e+04
2.256250000000000000e+01,1.490766037446816699e+04
2.258333333333333215e+01,1.529600456109317020e+04
2.260416666666666430e+01,1.416091218609454154e+04
2.262500000000000000e+01,1.357583449408239539e+04
2.264583333333333215e+01,1.445560493944138943e+04
2.266666666666666430e+01,1.529313330414241864e+04
2.268750000000000000e+01,1.443095873356628363e+04
2.270833333333333215e+01,1.383107069302301170e+04
2.272916666666666430e+01,1.443680432253503022e+04
2.275000000000000000e+01,1.529174057947997062e+04
2.277083333333333215e+01,1.443010757697206645e+04
2.279166666666666430e+01,1.357137325248347406e+04
2.281250000000000000e+01,1.446481051565701637e+04
2.283333333333333215e+01,1.528452784912301649e+04
2.285416666666666430e+01,1.442878257719506291e+04
2.287500000000000000e+01,1.368518448636498943e+04
2.289583333333333215e+01,1.466081706592243063e+04
2.291666666666666430e+01,1.527972988153357073e+04
2.293750000000000000e+01,1.437405034449340019e+04
2.295833333333333215e+01,1.357464799057277924e+04
2.297916666666666430e+01,1.443435258060106935e+04
2.300000000000000000e+01,1.529199175115942489e+04
2.302083333333333215e+01,1.443099747107736766e+04
2.304166666666666430e+01,1.357154546094778925e+04
2.306250000000000000e+01,1.443119208483464536e+04
2.308333333333333215e+01,1.529022523185714454e+04
2.310416666666666430e+01,1.443040862338639636e+04
2.312500000000000000e+01,1.357097283844997946e+04
2.314583333333333215e+01,1.446410390554292098e+04
2.316666666666666430e+01,1.528954593691613263e+04
2.318750000000000000e+01,1.443013866468073320e+04
2.320833333333333215e+01,1.365562914002343678e+04
2.322916666666666430e+01,1.474156648977014629e+04
2.325000000000000000e+01,1.529116100448283760e+04
2.327083333333333215e+01,1.414181527162743441e+04
2.329166666666666430e+01,1.346274784254737824e+04
2.331250000000000000e+01,1.483036651810135663e+04
2.333333333333333215e+01,1.529304388412075787e+04
2.335416666666666430e+01,1.398333268047619276e+04
2.337500000000000000e+01,1.357757178588487659e+04
2.339583333333333215e+01,1.529212081922433936e+04
2.341666666666666430e+01,1.522986340707549607e+04
2.343750000000000000e+01,1.345292255435538027e+04
2.345833333333333215e+01,1.342617379028558571e+04
2.347916666666666430e+01,1.529516202841471386e+04
2.350000000000000000e+01,1.529362372107000192e+04
2.352083333333333215e+01,1.357640984441572800e+04
2.354166666666666430e+01,1.373002319246083061e+04
2.356250000000000000e+01,1.529608682110761583e+04
2.358333333333333215e+01,1.530261353814135146e+04
2.360416666666666430e+01,1.361904297615482210e+04
2.362500000000000000e+01,1.394311964602713124e+04
2.364583333333333215e+01,1.529404004093977710e+04
2.366666666666666430e+01,1.496288701236853376e+04
2.368750000000000000e+01,1.357588114484263497e+04
2.370833333333333215e+01,1.439938895233350195e+04
2.372916666666666430e+01,1.505360614531731335e+04
2.375000000000000000e+01,1.443665499972963516e+04
2.377083333333333215e+01,1.394536762783876475e+04
2.379166666666666430e+01,1.443304792200324300e+04
2.381250000000000000e+01,1.503036191185749340e+04
2.383333333333333215e+01,1.467193366149502981e+04
2.385416666666666430e+01,1.412644594805152519e+04
2.387500000000000000e+01,1.437678557609282143e+04
2.389583333333333215e+01,1.443973807232583567e+04
2.391666666666666430e+01,1.471335406944197894e+04
2.393750000000000000e+01,1.443663741888684308e+04
2.395833333333333215e+01,1.443374032913870906e+04
2.397916666666666430e+01,1.443417941653359594e+04
2.400000000000000000e+01,1.443290485262449511e+04
2.402083333333333215e+01,1.443207319759861275e+04
2.404166666666666430e+01,1.443097626866821884e+04
2.406250000000000000e+01,1.440513788696242409e+04
2.408333333333333215e+01,1.404092663546982658e+04
2.410416666666666430e+01,1.443854206018337936e+04
2.412500000000000000e+01,1.453585471148086071e+04
2.414583333333333215e+01,1.454264169483890510e+04
2.416666666666666430e+01,1.469098464165820042e+04
2.418750000000000000e+01,1.443564140643716019e+04
2.420833333333333215e+01,1.434745672519699292e+04
2.422916666666666430e+01,1.456904369768042670e+04
2.425000000000000000e+01,1.464760785870432665e+04
2.427083333333333215e+01,1.443415748083817016e+04
2.429166666666666430e+01,1.447584204868089364e+04
2.431250000000000000e+01,1.443327538618405015e+04
2.433333333333333215e+01,1.445778487434523413e+04
2.435416666666666430e+01,1.443100847541906114e+04
2.437500000000000000e+01,1.442938846929516149e+04
2.439583333333333215e+01,1.459533279151749230e+04
2.441666666666666430e+01,1.458560067074186372e+04
2.443750000000000000e+01,1.443237781364142575e+04
2.445833333333333215e+01,1.443096792668111448e+04
2.447916666666666430e+01,1.444241191620981772e+04
2.450000000000000000e+01,1.485693203323277339e+04
2.452083333333333215e+01,1.443381953585791780e+04
2.454166666666666430e+01,1.391135327229351242e+04
2.456250000000000000e+01,1.443488862813022570e+04
2.458333333333333215e+01,1.500246693553660953e+04
2.460416666666666430e+01,1.443746904626043033e+04
2.462500000000000000e+01,1.357677978735826400e+04
2.464583333333333215e+01,1.443345687760735382e+04
2.466666666666666430e+01,1.529019005640202522e+04
2.468750000000000000e+01,1.440509413567872980e+04
2.470833333333333215e+01,1.361786529939246611e+04
2.472916666666666430e+01,1.448052668846583765e+04
2.475000000000000000e+01,1.554027842999809945e+04
2.477083333333333215e+01,1.443784601045255476e+04
2.479166666666666430e+01,1.363122614416977740e+04
2.481250000000000000e+01,1.474024636606809872e+04
2.483333333333333215e+01,1.494232441497620312e+04
2.485416666666666430e+01,1.415931215547257671e+04
2.487500000000000000e+01,1.348647522014677816e+04
2.489583333333333215e+01,1.468255750129221269e+04
2.491666666666666430e+01,1.531070119337287906e+04
2.493750000000000000e+01,1.443826009478568085e+04
2.495833333333333215e+01,1.357802509886752887e+04
2.497916666666666430e+01,1.449027891492841445e+04
2.500000000000000000e+01,1.560823843186851809e+04
2.502083333333333215e+01,1.443431683588741362e+04
2.504166666666666430e+01,1.335599776811584525e+04
2.506250000000000000e+01,1.443684796390550764e+04
2.508333333333333215e+01,1.569957302782183251e+04
2.510416666666666430e+01,1.443533050759946855e+04
2.512500000000000000e+01,1.297982889130497279e+04
2.514583333333333215e+01,1.443472916573947441e+04
2.516666666666666430e+01,1.615136655609793161e+04
2.518750000000000000e+01,1.443150140782412564e+04
2.520833333333333215e+01,1.271421332985290064e+04
2.522916666666666430e+01,1.443213865858576901e+04
2.525000000000000000e+01,1.597442453155797557e+04
2.527083333333333215e+01,1.443343086110085278e+04
2.529166666666666430e+01,1.271508064554422162e+04
2.531250000000000000e+01,1.463062750068836976e+04
2.533333333333333215e+01,1.615121643803600091e+04
2.535416666666666430e+01,1.413234352249855147e+04
2.537500000000000000e+01,1.271603776489015581e+04
2.539583333333333215e+01,1.460448291814966433e+04
2.541666666666666430e+01,1.614766243766746629e+04
2.543750000000000000e+01,1.420701699660708618e+04
2.545833333333333215e+01,1.271501588008832550e+04
2.547916666666666430e+01,1.443145502994811613e+04
2.550000000000000000e+01,1.589885871048314948e+04
2.552083333333333215e+01,1.443649515864198474e+04
2.554166666666666430e+01,1.271523079952559419e+04
2.556250000000000000e+01,1.455880110497094574e+04
2.558333333333333215e+01,1.615151282248645293e+04
2.560416666666666430e+01,1.432991582646656025e+04
2.562500000000000000e+01,1.271386936081642125e+04
2.564583333333333215e+01,1.443111345971180344e+04
2.566666666666666430e+01,1.615074638612302806e+04
2.568750000000000000e+01,1.443198913990529036e+04
2.570833333333333215e+01,1.271284973253087082e+04
2.572916666666666430e+01,1.443036196771846880e+04
2.575000000000000000e+01,1.614972705353018318e+04
2.577083333333333215e+01,1.443091539110242957e+04
2.579166666666666430e+01,1.271237992246340946e+04
2.581250000000000000e+01,1.443016125541030488e+04
2.583333333333333215e+01,1.614882882763317320e+04
2.585416666666666430e+01,1.442977161128979787e+04
2.587500000000000000e+01,1.271215590832442831e+04
2.589583333333333215e+01,1.457547298478323864e+04
2.591666666666666430e+01,1.614970547248404910e+04
2.593750000000000000e+01,1.443058958772507685e+04
2.595833333333333215e+01,1.271353493145292305e+04
2.597916666666666430e+01,1.443157844313077294e+04
2.600000000000000000e+01,1.601310200844651263e+04
2.602083333333333215e+01,1.442729283529313761e+04
2.604166666666666430e+01,1.271486063259546427e+04
2.606250000000000000e+01,1.443191891268345717e+04
2.608333333333333215e+01,1.615072533945841860e+04
2.610416666666666430e+01,1.430217946776451936e+04
2.612500000000000000e+01,1.271422483239764551e+04
2.614583333333333215e+01,1.443167152580376569e+04
2.616666666666666430e+01,1.592406908483093866e+04
2.618750000000000000e+01,1.442136641511693233e+04
2.620833333333333215e+01,1.271653143648806508e+04
2.622916666666666430e+01,1.443244683143109069e+04
2.625000000000000000e+01,1.615188975737987130e+04
2.627083333333333215e+01,1.412251314970292515e+04
2.629166666666666430e+01,1.278156840372774604e+04
2.631250000000000000e+01,1.478304843235575026e+04
2.633333333333333215e+01,1.615581107669438643e+04
2.635416666666666430e+01,1.443544550676248764e+04
2.637500000000000000e+01,1.271637908324660748e+04
2.639583333333333215e+01,1.443329095915661674e+04
2.641666666666666430e+01,1.615157049250254568e+04
2.643750000000000000e+01,1.443247305132185284e+04
2.645833333333333215e+01,1.271355612651714546e+04
2.647916666666666430e+01,1.443075120822561439e+04
2.650000000000000000e+01,1.615022354252846344e+04
2.652083333333333215e+01,1.435296434753687208e+04
2.654166666666666430e+01,1.271268921996064819e+04
2.656250000000000000e+01,1.442953963465879497e+04
2.658333333333333215e+01,1.613813227383805133e+04
2.660416666666666430e+01,1.443207884715976979e+04
2.662500000000000000e+01,1.271155812588137996e+04
2.664583333333333215e+01,1.442844593928235190e+04
2.666666666666666430e+01,1.576425468657935198e+04
2.668750000000000000e+01,1.433080654319717360e+04
2.670833333333333215e+01,1.285430026552438358e+04
2.672916666666666430e+01,1.443566191873557545e+04
2.675000000000000000e+01,1.615518481328966300e+04
2.677083333333333215e+01,1.443565616800370481e+04
2.679166666666666430e+01,1.271444756212993161e+04
2.681250000000000000e+01,1.443110165145538849e+04
2.683333333333333215e+01,1.615076163206445199e+04
2.685416666666666430e+01,1.443171780049331937e+04
2.687500000000000000e+01,1.271294305510920822e+04
2.689583333333333215e+01,1.453279984787642388e+04
2.691666666666666430e+01,1.614953884344750986e+04
2.693750000000000000e+01,1.442987659951719615e+04
2.695833333333333215e+01,1.271339209081208901e+04
2.697916666666666430e+01,1.443196703111373790e+04
2.700000000000000000e+01,1.614789912104340692e+04
2.702083333333333215e+01,1.442790406965876537e+04
2.704166666666666430e+01,1.271361419444054627e+04
2.706250000000000000e+01,1.473938747162652726e+04
2.708333333333333215e+01,1.582720647959259077e+04
2.710416666666666430e+01,1.433744922224963739e+04
2.712500000000000000e+01,1.272292372158056969e+04
2.714583333333333215e+01,1.443991069148276074e+04
2.716666666666666430e+01,1.615308456587766341e+04
2.718750000000000000e+01,1.443195026040682569e+04
2.720833333333333215e+01,1.286619518999557476e+04
2.722916666666666430e+01,1.443760753468137409e+04
2.725000000000000000e+01,1.615251493019590635e+04
2.727083333333333215e+01,1.417631828349162606e+04
2.729166666666666430e+01,1.271651553840897395e+04
2.731250000000000000e+01,1.443417669710470363e+04
2.733333333333333215e+01,1.615194295254919052e+04
2.735416666666666430e+01,1.443214545805051603e+04
2.737500000000000000e+01,1.271375700594791124e+04
2.739583333333333215e+01,1.462841194450110197e+04
2.741666666666666430e+01,1.580731862854541760e+04
2.743750000000000000e+01,1.426396950233654206e+04
2.745833333333333215e+01,1.271856202727472191e+04
2.747916666666666430e+01,1.443408326993642913e+04
2.750000000000000000e+01,1.615319743732009010e+04
2.752083333333333215e+01,1.443394614974376964e+04
2.754166666666666430e+01,1.292735775564449068e+04
2.756250000000000000e+01,1.443422801244779112e+04
2.758333333333333215e+01,1.615385926483181538e+04
2.760416666666666430e+01,1.431803085371968700e+04
2.762500000000000000e+01,1.271429532192628176e+04
2.764583333333333215e+01,1.443076927882843665e+04
2.766666666666666430e+01,1.588429971970506449e+04
2.768750000000000000e+01,1.443896621221951864e+04
2.770833333333333215e+01,1.271654250570945442e+04
2.772916666666666430e+01,1.443248555333483819e+04
2.775000000000000000e+01,1.615165868211775887e+04
2.777083333333333215e+01,1.443220868613093990e+04
2.779166666666666430e+01,1.271334687960947485e+04
2.781250000000000000e+01,1.453107313762239210e+04
2.783333333333333215e+01,1.614946019476962101e+04
2.785416666666666430e+01,1.442950601751736394e+04
2.787500000000000000e+01,1.271368692552233551e+04
2.789583333333333215e+01,1.468789769342503860e+04
2.791666666666666430e+01,1.615066561020585505e+04
2.793750000000000000e+01,1.443090718372917399e+04
2.795833333333333215e+01,1.271691935011349051e+04
2.797916666666666430e+01,1.443585229778229404e+04
2.800000000000000000e+01,1.615063056072251493e+04
2.802083333333333215e+01,1.443057086153967612e+04
2.804166666666666430e+01,1.271537312862240287e+04
2.806250000000000000e+01,1.443378806861444900e+04
2.808333333333333215e+01,1.574875363441250011e+04
2.810416666666666430e+01,1.423268690854981833e+04
2.812500000000000000e+01,1.290168167652910051e+04
2.814583333333333215e+01,1.443997433333794106e+04
2.816666666666666430e+01,1.615523111656150286e+04
2.818750000000000000e+01,1.443401424193772618e+04
2.820833333333333215e+01,1.271502530593673873e+04
2.822916666666666430e+01,1.449207876037555252e+04
2.825000000000000000e+01,1.615060225511268436e+04
2.827083333333333215e+01,1.434065888637852186e+04
2.829166666666666430e+01,1.271324280361949423e+04
2.831250000000000000e+01,1.443071113805242931e+04
2.833333333333333215e+01,1.614956895588815314e+04
2.835416666666666430e+01,1.441031331113948909e+04
2.837500000000000000e+01,1.272751433087962869e+04
2.839583333333333215e+01,1.464886719294763316e+04
2.841666666666666430e+01,1.593200635978509308e+04
2.843750000000000000e+01,1.417096233162473072e+04
2.845833333333333215e+01,1.272105771799931608e+04
2.847916666666666430e+01,1.459929710095297924e+04
2.850000000000000000e+01,1.607734340095019070e+04
2.852083333333333215e+01,1.416728304421716894e+04
2.854166666666666430e+01,1.271857839835018603e+04
2.856250000000000000e+01,1.466524696577989744e+04
2.858333333333333215e+01,1.615481960323605745e+04
2.860416666666666430e+01,1.439969713902405056e+04
2.862500000000000000e+01,1.271440898552712679e+04
2.864583333333333215e+01,1.443088452267553657e+04
2.866666666666666430e+01,1.615023274122231305e+04
2.868750000000000000e+01,1.425397539541336664e+04
2.870833333333333215e+01,1.271417005981190960e+04
2.872916666666666430e+01,1.467306888099029311e+04
2.875000000000000000e+01,1.615318939467920063e+04
2.877083333333333215e+01,1.443424407418870032e+04
2.879166666666666430e+01,1.271642323703593138e+04
2.881250000000000000e+01,1.443392412910625353e+04
2.883333333333333215e+01,1.607698676914222960e+04
2.885416666666666430e+01,1.421138712864621994e+04
2.887500000000000000e+01,1.275110170560508777e+04
2.889583333333333215e+01,1.468619213144572859e+04
2.891666666666666430e+01,1.609071989542399024e+04
2.893750000000000000e+01,1.437737800397073443e+04
2.895833333333333215e+01,1.271636227213631355e+04
2.897916666666666430e+01,1.443356300629486941e+04
2.900000000000000000e+01,1.605024883734773175e+04
2.902083333333333215e+01,1.443208378690800237e+04
2.904166666666666430e+01,1.271427249036863941e+04
2.906250000000000000e+01,1.448418248693964779e+04
2.908333333333333215e+01,1.614942953192931600e+04
2.910416666666666430e+01,1.420355238015001669e+04
2.912500000000000000e+01,1.271460163247587843e+04
2.914583333333333215e+01,1.443260564826990958e+04
2.916666666666666430e+01,1.607284356353986732e+04
2.918750000000000000e+01,1.443224487913341727e+04
2.920833333333333215e+01,1.271455283526108542e+04
2.922916666666666430e+01,1.473746652192890178e+04
2.925000000000000000e+01,1.615145316032282062e+04
2.927083333333333215e+01,1.423897790826236087e+04
2.929166666666666430e+01,1.271578373802165879e+04
2.931250000000000000e+01,1.443285743629047647e+04
2.933333333333333215e+01,1.599939724967065195e+04
2.935416666666666430e+01,1.443376365263278421e+04
2.937500000000000000e+01,1.271443346562185252e+04
2.939583333333333215e+01,1.443130636121116549e+04
2.941666666666666430e+01,1.607832551328492627e+04
2.943750000000000000e+01,1.418748521526243712e+04
2.945833333333333215e+01,1.271530516432441073e+04
2.947916666666666430e+01,1.474974805293147801e+04
2.950000000000000000e+01,1.615546072986145737e+04
2.952083333333333215e+01,1.443572902776821138e+04
2.954166666666666430e+01,1.271718838207173030e+04
2.956250000000000000e+01,1.443422047667387233e+04
2.958333333333333215e+01,1.615231861457770719e+04
2.960416666666666430e+01,1.409228860170209373e+04
2.962500000000000000e+01,1.271584577749174423e+04
2.964583333333333215e+01,1.476036544399424747e+04
2.966666666666666430e+01,1.598333411970205998e+04
2.968750000000000000e+01,1.403248062599033074e+04
2.970833333333333215e+01,1.271862260444656204e+04
2.972916666666666430e+01,1.517670505647483515e+04
2.975000000000000000e+01,1.615416611169158568e+04
2.977083333333333215e+01,1.357374741133097996e+04
2.979166666666666430e+01,1.271504770322325930e+04
2.981250000000000000e+01,1.529370383231867163e+04
2.983333333333333215e+01,1.615163524009315734e+04
2.985416666666666430e+01,1.326140632304248356e+04
2.987500000000000000e+01,1.271453946232362432e+04
2.989583333333333215e+01,1.529471135669356954e+04
2.991666666666666430e+01,1.615098106970732988e+04
2.993750000000000000e+01,1.357090717879057047e+04
2.995833333333333215e+01,1.271225499878418486e+04
2.997916666666666430e+01,1.529087649193411562e+04
3.000000000000000000e+01,1.615010905470884609e+04
3.002083333333333215e+01,1.357060827853295996e+04
3.004166666666666430e+01,1.280640057413066461e+04
3.006250000000000000e+01,1.529196055920820436e+04
3.008333333333333215e+01,1.590400446367949189e+04
3.010416666666666430e+01,1.352608531768970715e+04
3.012500000000000000e+01,1.271319001764793211e+04
3.014583333333333215e+01,1.529127675307924801e+04
3.016666666666666430e+01,1.615215827978501693e+04
3.018750000000000000e+01,1.357351336772803916e+04
3.020833333333333215e+01,1.271164865329886015e+04
3.022916666666666430e+01,1.528868141072872095e+04
3.025000000000000000e+01,1.596119385212679481e+04
3.027083333333333215e+01,1.350573064685952340e+04
3.029166666666666430e+01,1.271781962130193278e+04
3.031250000000000000e+01,1.529028266649703073e+04
3.033333333333333215e+01,1.615118386110252322e+04
3.035416666666666430e+01,1.359452167080557774e+04
3.037500000000000000e+01,1.307097653768370947e+04
3.039583333333333215e+01,1.529208464827975331e+04
3.041666666666666430e+01,1.569523346667791702e+04
3.043750000000000000e+01,1.357904948093685380e+04
3.045833333333333215e+01,1.351352741287087701e+04
3.047916666666666430e+01,1.502372328244835080e+04
3.050000000000000000e+01,1.529603506724293038e+04
3.052083333333333215e+01,1.374289224313763771e+04
3.054166666666666430e+01,1.357416158326586810e+04
3.056250000000000000e+01,1.529022556046432146e+04
3.058333333333333215e+01,1.529250045781318840e+04
3.060416666666666430e+01,1.357386134576865879e+04
3.062500000000000000e+01,1.357226623978590578e+04
3.064583333333333215e+01,1.525205822894378434e+04
3.066666666666666430e+01,1.529041581462226168e+04
3.068750000000000000e+01,1.357109305927982132e+04
3.070833333333333215e+01,1.357233577203173627e+04
3.072916666666666430e+01,1.505513983288396048e+04
3.075000000000000000e+01,1.529109326294537823e+04
3.077083333333333215e+01,1.357144162608198167e+04
3.079166666666666430e+01,1.390430266991944518e+04
3.081250000000000000e+01,1.567425703975341457e+04
3.083333333333333215e+01,1.529808776579877303e+04
3.085416666666666430e+01,1.321810955777261552e+04
3.087500000000000000e+01,1.358121978469876194e+04
3.089583333333333215e+01,1.615486229128157720e+04
3.091666666666666430e+01,1.486166309932236618e+04
3.093750000000000000e+01,1.272285497011476400e+04
3.095833333333333215e+01,1.357913980008450017e+04
3.097916666666666430e+01,1.583860242897247008e+04
3.100000000000000000e+01,1.529369117531421944e+04
3.102083333333333215e+01,1.278749434901675704e+04
3.104166666666666430e+01,1.369543241400617626e+04
3.106250000000000000e+01,1.615361492321152036e+04
3.108333333333333215e+01,1.529227773206262282e+04
3.110416666666666430e+01,1.271342301574014346e+04
3.112500000000000000e+01,1.357205222317649532e+04
3.114583333333333215e+01,1.605430444279648509e+04
3.116666666666666430e+01,1.529091654700288200e+04
3.118750000000000000e+01,1.271133908728252936e+04
3.120833333333333215e+01,1.357050131754760878e+04
3.122916666666666430e+01,1.581893161436294031e+04
3.125000000000000000e+01,1.508780550147054601e+04
3.127083333333333215e+01,1.293729834347156066e+04
3.129166666666666430e+01,1.357634947135004040e+04
3.131250000000000000e+01,1.600019622587169215e+04
3.133333333333333215e+01,1.529568359772227632e+04
3.135416666666666430e+01,1.280967265383447011e+04
3.137500000000000000e+01,1.376885420384743338e+04
3.139583333333333215e+01,1.615328274367719496e+04
3.141666666666666430e+01,1.529154286135556322e+04
3.143750000000000000e+01,1.271209858925797380e+04
3.145833333333333215e+01,1.345494557835927844e+04
3.147916666666666430e+01,1.592417399047802610e+04
3.150000000000000000e+01,1.527563316556286009e+04
3.152083333333333215e+01,1.272084402509527354e+04
3.154166666666666430e+01,1.357272640649317691e+04
3.156250000000000000e+01,1.615075482555111739e+04
3.158333333333333215e+01,1.524124369601529907e+04
3.160416666666666430e+01,1.271230814039163306e+04
3.162500000000000000e+01,1.357049704693134845e+04
3.164583333333333215e+01,1.614913755046588994e+04
3.166666666666666430e+01,1.529102846110484461e+04
3.168750000000000000e+01,1.271226679755635632e+04
3.170833333333333215e+01,1.357011933544575368e+04
3.172916666666666430e+01,1.614905632201129993e+04
3.175000000000000000e+01,1.529118272896554845e+04
3.177083333333333215e+01,1.271218457175694857e+04
3.179166666666666430e+01,1.344443486279884382e+04
3.181250000000000000e+01,1.589291879706715190e+04
3.183333333333333215e+01,1.529309629842550203e+04
3.185416666666666430e+01,1.277389896103005231e+04
3.187500000000000000e+01,1.357258107490491238e+04
3.189583333333333215e+01,1.615038289216818157e+04
3.191666666666666430e+01,1.529083726353323436e+04
3.193750000000000000e+01,1.271218312700867682e+04
3.195833333333333215e+01,1.357121294095761550e+04
3.197916666666666430e+01,1.601696339183537566e+04
3.200000000000000000e+01,1.529023799077200965e+04
3.202083333333332860e+01,1.271210203192451809e+04
3.204166666666666430e+01,1.357225762839423624e+04
3.206250000000000000e+01,1.592864727623951694e+04
3.208333333333332860e+01,1.528968398105852975e+04
3.210416666666666430e+01,1.281010517059040649e+04
3.212500000000000000e+01,1.373978637988779519e+04
3.214583333333332860e+01,1.615301471882961414e+04
3.216666666666666430e+01,1.528439554149949981e+04
3.218750000000000000e+01,1.271561472809317274e+04
3.220833333333332860e+01,1.357603134592781134e+04
3.222916666666666430e+01,1.596726752951410526e+04
3.225000000000000000e+01,1.503606033320435017e+04
3.227083333333332860e+01,1.271664797661532793e+04
3.229166666666666430e+01,1.357578176009442541e+04
3.231250000000000000e+01,1.615228737656524027e+04
3.233333333333332860e+01,1.529066679454466794e+04
3.235416666666666430e+01,1.271211229889582319e+04
3.237500000000000000e+01,1.357206407433957429e+04
3.239583333333332860e+01,1.598463786611487740e+04
3.241666666666666430e+01,1.529001850021127757e+04
3.243750000000000000e+01,1.271207920281751649e+04
3.245833333333332860e+01,1.361154385268327314e+04
3.247916666666666430e+01,1.614959159724134588e+04
3.250000000000000000e+01,1.528856577654228749e+04
3.252083333333332860e+01,1.271122148991455470e+04
3.254166666666666430e+01,1.357142421189443121e+04
3.256250000000000000e+01,1.573151187365822989e+04
3.258333333333332860e+01,1.529003152183069687e+04
3.260416666666666430e+01,1.319718234290050532e+04
3.262500000000000000e+01,1.392523917161041754e+04
3.264583333333332860e+01,1.529404217373653228e+04
3.266666666666666430e+01,1.512992532312387630e+04
3.268750000000000000e+01,1.357847205821721946e+04
3.270833333333332860e+01,1.392583894084032363e+04
3.272916666666666430e+01,1.529474433143208080e+04
3.275000000000000000e+01,1.500190114389240625e+04
3.277083333333332860e+01,1.357600106423692341e+04
3.279166666666666430e+01,1.389519071161868123e+04
3.281250000000000000e+01,1.529386910721752793e+04
3.283333333333332860e+01,1.503320383624275564e+04
3.285416666666666430e+01,1.352350438457466953e+04
3.287500000000000000e+01,1.349792100871638831e+04
3.289583333333332860e+01,1.529648079549082468e+04
3.291666666666666430e+01,1.557756482676184169e+04
3.293750000000000000e+01,1.357676522135034247e+04
3.295833333333332860e+01,1.340572494948542590e+04
3.297916666666666430e+01,1.529822904954344267e+04
3.300000000000000000e+01,1.553259648091954659e+04
3.302083333333332860e+01,1.357675953224414843e+04
3.304166666666666430e+01,1.339977983233251507e+04
3.306250000000000000e+01,1.529382702770072137e+04
3.308333333333332860e+01,1.529208579997070774e+04
3.310416666666666430e+01,1.357303623692527981e+04
3.312500000000000000e+01,1.368348764398585990e+04
3.314583333333332860e+01,1.529091795328814624e+04
3.316666666666666430e+01,1.528893698491475152e+04
3.318750000000000000e+01,1.334191518675062252e+04
3.320833333333332860e+01,1.385268092219389655e+04
3.322916666666666430e+01,1.529308326504862634e+04
3.325000000000000000e+01,1.523187100438655398e+04
3.327083333333332860e+01,1.357575507249657312e+04
3.329166666666666430e+01,1.357486203665475477e+04
3.331250000000000000e+01,1.529072364598299828e+04
3.333333333333332860e+01,1.528882390100381599e+04
3.335416666666666430e+01,1.357227996347406224e+04
3.337500000000000000e+01,1.368275082304426905e+04
3.339583333333332860e+01,1.529699783715598460e+04
3.341666666666666430e+01,1.528848097211409549e+04
3.343750000000000000e+01,1.374544690308688223e+04
3.345833333333332860e+01,1.372666892331418785e+04
3.347916666666666430e+01,1.529358214880596643e+04
3.350000000000000000e+01,1.501574804496286743e+04
3.352083333333332860e+01,1.358011480220733210e+04
3.354166666666666430e+01,1.357741594715865358e+04
3.356250000000000000e+01,1.529351161605610832e+04
3.358333333333332860e+01,1.529152467744058231e+04
3.360416666666666430e+01,1.361640242826421672e+04
3.362500000000000000e+01,1.393557234228805100e+04
3.364583333333332860e+01,1.529821025158373959e+04
3.366666666666666430e+01,1.517717337877276805e+04
3.368750000000000000e+01,1.343203303197082278e+04
3.370833333333332860e+01,1.337424528633015143e+04
3.372916666666666430e+01,1.529405802345950360e+04
3.375000000000000000e+01,1.529149598431506820e+04
3.377083333333332860e+01,1.364390840170217780e+04
3.379166666666666430e+01,1.389103360032139972e+04
3.381250000000000000e+01,1.529275635238051836e+04
3.383333333333332860e+01,1.504731651160211914e+04
3.385416666666666430e+01,1.357501293533910939e+04
3.387500000000000000e+01,1.377393661837043692e+04
3.389583333333332860e+01,1.529244405228760661e+04
3.391666666666666430e+01,1.529072876717409235e+04
3.393750000000000000e+01,1.357250498328768299e+04
3.395833333333332860e+01,1.353643302337176283e+04
3.397916666666666430e+01,1.528985269630927360e+04
3.400000000000000000e+01,1.528824235655216035e+04
3.402083333333332860e+01,1.334837154583243318e+04
3.404166666666666430e+01,1.370144575126104610e+04
3.406250000000000000e+01,1.529261663611272525e+04
3.408333333333332860e+01,1.529070997487244313e+04
3.410416666666666430e+01,1.357435633536885143e+04
3.412500000000000000e+01,1.391851368613203886e+04
3.414583333333332860e+01,1.529655980033151718e+04
3.416666666666666430e+01,1.529253629667033238e+04
3.418750000000000000e+01,1.357478995204470266e+04
3.420833333333332860e+01,1.350928235322063483e+04
3.422916666666666430e+01,1.529299914964368872e+04
3.425000000000000000e+01,1.503093548714702411e+04
3.427083333333332860e+01,1.357977066528805517e+04
3.429166666666666430e+01,1.357751000238242705e+04
3.431250000000000000e+01,1.529233154398038459e+04
3.433333333333332860e+01,1.528967291315810508e+04
3.435416666666666430e+01,1.358933466541414600e+04
3.437500000000000000e+01,1.439312636015467797e+04
3.439583333333332860e+01,1.529943655496391511e+04
3.441666666666666430e+01,1.459924402809520689e+04
3.443750000000000000e+01,1.358242960884290369e+04
3.445833333333332860e+01,1.418031546008173973e+04
3.447916666666666430e+01,1.529522069263358935e+04
3.450000000000000000e+01,1.456355990998288689e+04
3.452083333333332860e+01,1.357584455930121476e+04
3.454166666666666430e+01,1.443347448533715942e+04
3.456250000000000000e+01,1.529154061692186588e+04
3.458333333333332860e+01,1.443090006839011403e+04
3.460416666666666430e+01,1.357059287650019905e+04
3.462500000000000000e+01,1.443061561764938597e+04
3.464583333333332860e+01,1.529112688114579214e+04
3.466666666666666430e+01,1.449355104661217410e+04
3.468750000000000000e+01,1.357071425522492063e+04
3.470833333333332860e+01,1.443085862785270365e+04
3.472916666666666430e+01,1.529240404968017538e+04
3.475000000000000000e+01,1.434833207740489524e+04
3.477083333333332860e+01,1.397397487117724449e+04
3.479166666666666430e+01,1.443303838547618216e+04
3.481250000000000000e+01,1.493727864472541114e+04
3.483333333333332860e+01,1.475711656032653627e+04
3.485416666666666430e+01,1.427574719436862870e+04
3.487500000000000000e+01,1.417786409594888755e+04
3.489583333333332860e+01,1.443871059419188532e+04
3.491666666666666430e+01,1.462011238917620358e+04
3.493750000000000000e+01,1.443479891130446413e+04
3.495833333333332860e+01,1.443232713158932529e+04
3.497916666666666430e+01,1.443350805894438599e+04
3.500000000000000000e+01,1.453990290342262233e+04
3.502083333333332860e+01,1.443585975990489533e+04
3.504166666666666430e+01,1.443301498544125207e+04
3.506250000000000000e+01,1.443369094758177380e+04
3.508333333333332860e+01,1.443285313456043514e+04
3.510416666666666430e+01,1.443114717158851272e+04
3.512500000000000000e+01,1.442935333504476148e+04
3.514583333333332860e+01,1.447291153104458135e+04
3.516666666666666430e+01,1.495444502361533523e+04
3.518750000000000000e+01,1.443381340999852910e+04
3.520833333333332860e+01,1.407997672987282931e+04
3.522916666666666430e+01,1.443564914974842395e+04
3.525000000000000000e+01,1.494807436607190539e+04
3.527083333333332860e+01,1.443644987913364821e+04
3.529166666666666430e+01,1.357449574547954035e+04
3.531250000000000000e+01,1.443765959952229605e+04
3.533333333333332860e+01,1.529169445568145602e+04
3.535416666666666430e+01,1.443107309219225863e+04
3.537500000000000000e+01,1.388280579833371303e+04
3.539583333333332860e+01,1.443304158469938557e+04
3.541666666666666430e+01,1.529029773136294534e+04
3.543750000000000000e+01,1.443115505205850059e+04
3.545833333333332860e+01,1.347083491144135041e+04
3.547916666666666430e+01,1.443163204604250495e+04
3.550000000000000000e+01,1.528928274952635911e+04
3.552083333333332860e+01,1.443128274475332000e+04
3.554166666666666430e+01,1.357341462060643607e+04
3.556250000000000000e+01,1.479380041879180135e+04
3.558333333333332860e+01,1.529072627050893425e+04
3.560416666666666430e+01,1.421520684775074187e+04
3.562500000000000000e+01,1.350952763182363924e+04
3.564583333333332860e+01,1.450382323395509229e+04
3.566666666666666430e+01,1.529084134717331108e+04
3.568750000000000000e+01,1.443265855042860494e+04
3.570833333333332860e+01,1.357477487985646803e+04
3.572916666666666430e+01,1.484214185392742365e+04
3.575000000000000000e+01,1.529141286545932962e+04
3.577083333333332860e+01,1.397695652631264238e+04
3.579166666666666430e+01,1.357737823011241198e+04
3.581250000000000000e+01,1.529204251889847001e+04
3.583333333333332860e+01,1.519836223549976421e+04
3.585416666666666430e+01,1.357404784778860630e+04
3.587500000000000000e+01,1.336647574205956698e+04
3.589583333333332860e+01,1.529504847891884856e+04
3.591666666666666430e+01,1.550679020674981439e+04
3.593750000000000000e+01,1.357631320434388181e+04
3.595833333333332860e+01,1.356147872533381815e+04
3.597916666666666430e+01,1.529143906774885909e+04
3.600000000000000000e+01,1.528925245372149220e+04
3.602083333333332860e+01,1.361610270655066051e+04
3.604166666666666430e+01,1.369911512490690075e+04
3.606250000000000000e+01,1.529760026158891196e+04
3.608333333333332860e+01,1.538794063590721635e+04
3.610416666666666430e+01,1.357855895663057527e+04
3.612500000000000000e+01,1.357581194940660498e+04
3.614583333333332860e+01,1.529225128753569152e+04
3.616666666666666430e+01,1.528992307225516561e+04
3.618750000000000000e+01,1.338308265222764385e+04
3.620833333333332860e+01,1.372491293256136123e+04
3.622916666666666430e+01,1.529326033703283611e+04
3.625000000000000000e+01,1.529137437081642565e+04
3.627083333333332860e+01,1.357393303542945068e+04
3.629166666666666430e+01,1.357292576706675027e+04
3.631250000000000000e+01,1.529050655047371765e+04
3.633333333333332860e+01,1.528951338647864759e+04
3.635416666666666430e+01,1.357138735411235393e+04
3.637500000000000000e+01,1.367998417251118735e+04
3.639583333333332860e+01,1.529176889649013538e+04
3.641666666666666430e+01,1.528978603513660710e+04
3.643750000000000000e+01,1.359291132709417798e+04
3.645833333333332860e+01,1.353796432987360822e+04
3.647916666666666430e+01,1.529468861679138718e+04
3.650000000000000000e+01,1.536503901381032119e+04
3.652083333333332860e+01,1.357940240819678729e+04
3.654166666666666430e+01,1.341900198830118825e+04
3.656250000000000000e+01,1.535699879243167379e+04
3.658333333333332860e+01,1.537460645027954888e+04
3.660416666666666430e+01,1.372325929657341840e+04
3.662500000000000000e+01,1.357548509483963790e+04
3.664583333333332860e+01,1.529181011483622933e+04
3.666666666666666430e+01,1.529156837820175133e+04
3.668750000000000000e+01,1.357191926354164752e+04
3.670833333333332860e+01,1.357203700356158151e+04
3.672916666666666430e+01,1.521620258693432334e+04
3.675000000000000000e+01,1.528989102428189290e+04
3.677083333333332860e+01,1.357022252731803019e+04
3.679166666666666430e+01,1.383703945462435513e+04
3.681250000000000000e+01,1.529592968271591963e+04
3.683333333333332860e+01,1.529230457110934731e+04
3.685416666666666430e+01,1.357136315801405726e+04
3.687500000000000000e+01,1.357367769141565077e+04
3.689583333333332860e+01,1.521525739995123877e+04
3.691666666666666430e+01,1.525999814130497907e+04
3.693750000000000000e+01,1.357088086933393424e+04
3.695833333333332860e+01,1.357430406057330038e+04
3.697916666666666430e+01,1.529313813540575575e+04
3.700000000000000000e+01,1.529007012671023767e+04
3.702083333333332860e+01,1.356988776236083868e+04
3.704166666666666430e+01,1.357329897282724778e+04
3.706250000000000000e+01,1.533583081008052613e+04
3.708333333333332860e+01,1.529020948579325341e+04
3.710416666666666430e+01,1.357030578550663267e+04
3.712500000000000000e+01,1.357278352270788309e+04
3.714583333333332860e+01,1.529117270430989447e+04
3.716666666666666430e+01,1.529006578433520554e+04
3.718750000000000000e+01,1.386149159733101624e+04
3.720833333333332860e+01,1.357417046835980000e+04
3.722916666666666430e+01,1.518110465131334422e+04
3.725000000000000000e+01,1.529324232902750373e+04
3.727083333333332860e+01,1.357302552139997715e+04
3.729166666666666430e+01,1.379880418904492763e+04
3.731250000000000000e+01,1.535280035766735818e+04
3.733333333333332860e+01,1.529447997339169888e+04
3.735416666666666430e+01,1.357403996630154870e+04
3.737500000000000000e+01,1.357417155559552702e+04
3.739583333333332860e+01,1.529175846996957262e+04
3.741666666666666430e+01,1.529120736898305768e+04
3.743750000000000000e+01,1.357179809171002853e+04
3.745833333333332860e+01,1.357228194040367816e+04
3.747916666666666430e+01,1.529017193440302435e+04
3.750000000000000000e+01,1.529013524038460673e+04
3.752083333333332860e+01,1.357102195953470800e+04
3.754166666666666430e+01,1.357138893579956857e+04
3.756250000000000000e+01,1.516180748542503352e+04
3.758333333333332860e+01,1.529110199609716801e+04
3.760416666666666430e+01,1.338990331344915467e+04
3.762500000000000000e+01,1.388334678521492606e+04
3.764583333333332860e+01,1.529812609448690637e+04
3.766666666666666430e+01,1.529709769510196566e+04
3.768750000000000000e+01,1.357688404093005011e+04
3.770833333333332860e+01,1.357552334464066371e+04
3.772916666666666430e+01,1.529250599255484485e+04
3.775000000000000000e+01,1.513590933297949596e+04
3.777083333333332860e+01,1.357653296715140823e+04
3.779166666666666430e+01,1.357511356594163226e+04
3.781250000000000000e+01,1.550581051929482055e+04
3.783333333333332860e+01,1.529301980661619018e+04
3.785416666666666430e+01,1.358446706576624638e+04
3.787500000000000000e+01,1.357272476037629895e+04
3.789583333333332860e+01,1.528959926681406432e+04
3.791666666666666430e+01,1.533424612039294152e+04
3.793750000000000000e+01,1.380148659731914449e+04
3.795833333333332860e+01,1.388411038663365980e+04
3.797916666666666430e+01,1.528683805532811675e+04
3.800000000000000000e+01,1.529728697299351188e+04
3.802083333333332860e+01,1.357706955665702480e+04
3.804166666666666430e+01,1.357433784794154053e+04
3.806250000000000000e+01,1.496938861240110782e+04
3.808333333333332860e+01,1.526670984471665361e+04
3.810416666666666430e+01,1.376777692388484866e+04
3.812500000000000000e+01,1.357538015887351139e+04
3.814583333333332860e+01,1.509644760221186152e+04
3.816666666666666430e+01,1.529392579966975973e+04
3.818750000000000000e+01,1.357434869827224247e+04
3.820833333333332860e+01,1.357306230542392223e+04
3.822916666666666430e+01,1.529009656193171031e+04
3.825000000000000000e+01,1.529083405042556114e+04
3.827083333333332860e+01,1.357198621780542089e+04
3.829166666666666430e+01,1.357144980225230393e+04
3.831250000000000000e+01,1.528890404348981247e+04
3.833333333333332860e+01,1.528959183786304857e+04
3.835416666666666430e+01,1.368372092025628444e+04
3.837500000000000000e+01,1.357191171246283557e+04
3.839583333333332860e+01,1.553886858753886190e+04
3.841666666666666430e+01,1.529222441943535887e+04
3.843750000000000000e+01,1.357334176112198838e+04
3.845833333333332860e+01,1.373353037088959900e+04
3.847916666666666430e+01,1.529461485185718993e+04
3.850000000000000000e+01,1.529362369762641174e+04
3.852083333333332860e+01,1.327734120684964364e+04
3.854166666666666430e+01,1.357483752862844631e+04
3.856250000000000000e+01,1.548937584390458142e+04
3.858333333333332860e+01,1.529310508595394276e+04
3.860416666666666430e+01,1.357306021045721718e+04
3.862500000000000000e+01,1.364064903581085309e+04
3.864583333333332860e+01,1.527479150300425317e+04
3.866666666666666430e+01,1.529097922328161076e+04
3.868750000000000000e+01,1.348621132319769458e+04
3.870833333333332860e+01,1.363696232612244785e+04
3.872916666666666430e+01,1.503292029970865406e+04
3.875000000000000000e+01,1.529381233967373191e+04
3.877083333333332860e+01,1.370001204670870356e+04
3.879166666666666430e+01,1.357596091087416426e+04
3.881250000000000000e+01,1.529271467603107521e+04
3.883333333333332860e+01,1.529247498232234648e+04
3.885416666666666430e+01,1.357318830471723413e+04
3.887500000000000000e+01,1.376044966900775398e+04
3.889583333333332860e+01,1.529390984494763688e+04
3.891666666666666430e+01,1.529352365779335378e+04
3.893750000000000000e+01,1.369463989734990173e+04
3.895833333333332860e+01,1.357339144675230636e+04
3.897916666666666430e+01,1.529016943236193765e+04
3.900000000000000000e+01,1.529151814346616811e+04
3.902083333333332860e+01,1.357268677000142634e+04
3.904166666666666430e+01,1.357150962643239836e+04
3.906250000000000000e+01,1.529538476560766503e+04
3.908333333333332860e+01,1.529025214976109783e+04
3.910416666666666430e+01,1.357145850157407403e+04
3.912500000000000000e+01,1.359975076495371832e+04
3.914583333333332860e+01,1.557779629213731459e+04
3.916666666666666430e+01,1.529328822996713279e+04
3.918750000000000000e+01,1.350524603678319181e+04
3.920833333333332860e+01,1.357815553143291254e+04
3.922916666666666430e+01,1.529475537672617429e+04
3.925000000000000000e+01,1.529504088606725054e+04
3.927083333333332860e+01,1.357536977370338718e+04
3.929166666666666430e+01,1.389243004319983447e+04
3.931250000000000000e+01,1.524761198918712762e+04
3.933333333333332860e+01,1.529591612567055563e+04
3.935416666666666430e+01,1.357435267848605872e+04
3.937500000000000000e+01,1.357505673740556813e+04
3.939583333333332860e+01,1.501139068395355935e+04
3.941666666666666430e+01,1.507632115861294369e+04
3.943750000000000000e+01,1.368742663588382129e+04
3.945833333333332860e+01,1.357885745033062994e+04
3.947916666666666430e+01,1.529541931029858097e+04
3.950000000000000000e+01,1.529223464662365222e+04
3.952083333333332860e+01,1.357178999619727256e+04
3.954166666666666430e+01,1.382526459619975867e+04
3.956250000000000000e+01,1.529658544028321558e+04
3.958333333333332860e+01,1.529354798979742918e+04
3.960416666666666430e+01,1.357300195554825405e+04
3.962500000000000000e+01,1.357307526542852429e+04
3.964583333333332860e+01,1.529036668022908270e+04
3.966666666666666430e+01,1.529058313830180487e+04
3.968750000000000000e+01,1.375987550072550584e+04
3.970833333333332860e+01,1.357240607207598077e+04
3.972916666666666430e+01,1.528958676615605509e+04
3.975000000000000000e+01,1.529155756516385372e+04
3.977083333333332860e+01,1.357300450892028312e+04
3.979166666666666430e+01,1.357117074368880640e+04
3.981250000000000000e+01,1.528842554675568681e+04
3.983333333333332860e+01,1.529070520270632187e+04
3.985416666666666430e+01,1.352630885057453634e+04
3.987500000000000000e+01,1.368405196826227620e+04
3.989583333333332860e+01,1.518560201647261783e+04
3.991666666666666430e+01,1.529353663460234020e+04
3.993750000000000000e+01,1.357448417074216923e+04
3.995833333333332860e+01,1.357295002185248450e+04
3.997916666666666430e+01,1.529009148545423523e+04
